10944750 155,8689,11942,25687,13451
8096750 8769,3228,26288
10546500 5955
6571000 5429,12252,1773,20626,11687,7773,19987,28687,27543
8555500 19341,15962,12173,24963,13044,2249
425500 17506,13450,22094
11129250 11280,16409,9829,4949
5642000 14318,12512
12215000 28266
10539250 4486
8628250 5848,14153,26288
12377250 21887
1046250 11396
10790500 22889,22126
11711250 3759,23331,8942,9609,3719,5330,13168,20349,599,28453,14165
10401500 13878,25526,1222,8038,8446,20756,23934,1583,24107,24929,28765,28769,14048,21672,23947,24541,18361,8477,11080,7868,17959,27509,13394,17242
7703750 8719,11007
11984750 18544
8702500 19381,15138,17597
11131750 17647
3913250 6754,18213
11307500 2463
4215750 4571,16854,20184,26618,12251,7561,14192,17920,2635,13645,12647,6670,13518,14145,19949,9848,2513
11683250 24196
2138750 1950
11601500 13240,27785
7184500 2899,21533,7221,4571,22058,22359,8792,29410,19416,934
5865750 57
9802000 18804,24015,24947
8573000 17372,6328
11321750 24486,3775,17639,20449,14096,5661,17060,17418,7019,27060,22421,2804,15065,6284,24107,11939,24869,19175,1000,23338,15645,16075,4354,17013,5515,3176,20206,3228,3564,9653,11793,949,13888,6466,643,16110,20816,2750,19673,7354
5780000 16460
10018000 19015,27791,5429,20343,642,25252
6900500 21659
8033500 20996
5910250 937
8633500 1950
567250 11080
3981750 21565,22439,5053
9344000 18555,18001
854250 15832,20158,23549,19692
1832000 11939
4625750 25420
4184250 11983,10788
6140500 637
3249250 12394
6634500 9454,27886,1257
5336750 6393
3405000 19974
3282250 23475,23623
981000 28270,4997,8689,16140
9782500 23662
1181250 15858,17968,18932
2168250 5662,22749
2737250 8684
3149000 29008
6700250 8719,9549
11137750 5832,6104,21841,6193,4226,25360
8666500 17671
7116750 19514,26605,20952,24503,5506,6876
621500 25260,5099,16009,22034,11176,8726,23364,23861,19126,20425,11670,28117,5845,3308,1008,5843,6143,3723,18024,7868
4963500 4411
2756000 13773,21485,3590,15320,11347,15344,21092,25565,2198,24311
3031750 15639
1492500 17653
6996000 12165,6255
8072250 17227,25372,4078
10972250 16396
4336750 16463
11949750 16519,1902,28209,29547,25177
2088000 25079
7687500 5267
11874000 18167,21548,16550,14661,11679,5086,13354,26270,19668,24087
11794250 164,28924
6257000 16986
1446250 19751
200250 17556,1831
2198750 12257,12394,12220
8730250 23662,15222,18868,16110,647,11431
3335000 325
11737250 599
5491500 20751
10642000 2655,8717
4782250 8446,679
4850000 24601
7060500 8220,9396,3384,27,22442,17582,13461,18950,12287,16276,3300,26655,504,29388,1003,760,19005,8692
7918750 1788,23202,26959,18689,9802,13749,8978,11652,24541,1591,26404,22319,11225,18275
10628500 21092
5078750 24015,6546,10255,14580,679
1025250 1918
9513250 26394
10000250 5598,9563,6438
7306250 2099
1244250 27458
4037500 25883
5915250 14242
10774750 27791,2899
4423500 11543
10768750 17592,11150,637,12870,2570,27261
8822250 25402
10915250 23556,18075,12220
5034000 3698,10584,29446
2852250 14989,25871,27415,21683,14360
154750 569,8943,14119,9834,11196
11747250 6961,155,17577,18353,4571,15784,16624,251,27487,8943,4411,11605,7411,8826,7692,282,4960,15915,679,18730,14025,9111,14048,18712,12285,28411,9620,10840,20207,16918,11652,26523,22218,9563,15498
1459750 20228,16550
65500 18736
472000 14647
341000 15584
832250 1831
10054250 10970,18034,8425,9226
10592750 23798
12386500 13087
1629250 21758,7727
6751750 510,3658,1008
11142000 1493
5027500 11201
3410000 12855
71250 28641
11535250 19021
5769750 11926
7886000 15799
5812000 11465,20472,17641,679,19759
10578000 28992
8243500 3390,16857,17455,17060,8489,24892
9706000 13962,16476,28360,5067,19120,1849,28181,1257,10780,28653,23260,915,3980
7383000 27791
4097500 2762,24844
8040000 29551,5429,9829,26341,26763,24541,2655,22914,25372
1114000 22356,8188
3588500 16217
6247250 10840,28626,16918,18874,16663,28357,21975,679,7600,12213,22759,28631,22736,2771,18832
5987000 7976
5467250 19277,679,18046,16103,6287,27458,27567,24922,28441
11300000 18024,8689,13701
5248750 24375,18575,9290,20668
1528500 7059,29265,4750,26563,3627,24929,23013,500
3148500 201,8890
10592000 17846
10119250 10282,5087,7868
11169500 25040,15584
3719250 3362
5082750 17214,4795,11029,20449
1561250 17945,251,13891,14153,3804
6921750 19095,7868
3075000 5995,6592
4102750 10026,21787,15075,19149
848500 24977,6467
10229250 23628
3293750 17636,17829
2797750 8533,20595,11790
711500 13682
6654750 11687,25909,20180,6299,1415
38250 14318,11176,28719
2771250 22319,23475,27670,6247
3787750 7096,6077,6904,19458
965500 26845,25003
3742000 8643
10185000 25770,11029,7868
4547500 27060,6918,10151,10710,13749
2870250 28603
3317500 17657,4338,17794,21785,8446,4326,22313,7692,15510,2260,224
12231250 26973,6246
11535500 11679
3573750 23662,26660,7868,11670,4452
236000 9452
2331750 8625,21840,13390,10395,8689,24893,28370,2526,22789,4709,18501,1752,2669,18990,13903,21975,28985,14318,24886,6529,10680,15653,23984,28653,5971,1390,23025,21092
9720000 1392
1727500 27334
9982500 9369
4907500 24430
6848000 9671
10816000 27334
1338750 2966
380000 23770,554,22367
791500 23424,22989,10810,26665,7624
5898500 27371,26722,374
1622500 451
203750 13799,25372,18075,4728,12977
1793250 4949,679
2921750 11035,15584,29547,15934,12754,4919,6880
8845250 4127,16857,6550
12234750 6681,4078,25517
4770500 27135
10234000 24013
6874250 17760,26754,11628,647
1724250 7868
7921500 12674,17327
4895250 16944,5094
11590500 17127
3952000 28631,6571,19379,617,26699,12220,13349
6807250 8327
2378500 5099
2428500 24471
140500 6918
11496750 587,747,9829,28898,2695,22016,20101
9842500 10726,15672
5082500 14020
10976250 743,7354,14580
10312750 25260,2899,5185,15934,4949,17547,6672,22319,9620,7868
7715000 6680,2457
2704750 14417,22359,11547,3228
11121500 20297
10112000 2471
7568750 4329,17087
573000 21796,7473,11080,23214,637
11158000 15018,11396,24565,20835
9694750 22508
7976750 21862
6301250 16463
4047000 12828
7600250 8662,4949,12758,19509
11936000 8494,21393
11434750 18758,10840,20083,24004
3520000 5791,6918,6498,21121,18353
6571750 17706
10715500 8240
3216500 27168
8622000 15935
7785250 12132,20846
1966250 11052,155,3678,23482,16738,23999,24830,26722,16110,12216,6672,2257,12329
1812000 28410,29077,21628,23793
11701500 17641,26679,22052
8070000 27044
8910750 420
2033500 18611,20417,24277,7473,20015
6412750 15019
5264500 2822
6061250 20721
5745000 4571,26722,20658
7588000 18575,25839,28824,5848
5226500 22484,3482,9613,16663,25099,1260,8689,18912,11687
7892000 4354,5267,29225
2480750 23284
4256000 11679
7405250 11330,17431
9436000 29203
7345250 15138
10492250 24015
9586500 5799
3096750 20388,8628
3114000 21110,15259,2319,6828,2655,20484,22268
8523250 15934
9592500 6767,26665,9549
2076000 19339,3390,7560,14483,24277,8549
9946250 3720
9394250 9563,7105
835000 7071
691500 9842,8643,26288
5059000 8856,22327
2626250 16077,25249,28230,27458,11176
5292000 11670,1131
4370750 17058
3723750 1831
6957500 27955,13793,15534,22751,29547,10847,27458,22961,11363,17451,17191,29044,4887,23025,5074,22330
9244000 16836,9972
3211250 26516,3228,9988
10057000 8193,22447
1792000 5429,20979
5052000 16420
6003750 3698,23662,20039,6934,14679,3390,2257,18843,4949,647,6665,10714,6680,2033,15584,1909,19814,11080,15233
3511000 29203,15164
764000 7208
8111500 11080
8049000 21695,4807,5706,22148,21092,29290
2891500 28370
563500 21838,26,9620,12426,5260,21840,14073,3254,20300,28347,5461,15069,1694,3658,20359,19632,8313,5661,14728,23284,17520
9055750 18024
9463750 3677
8051750 21911
9076750 2826
11352000 12352
299750 3034,3719,4452,8528,28410,23612
