11782250:12394,11679,14020,4949,8689
6572500:290,5369,14498,20803,22994
10546500:8024
8172250:25086,14780,2683,7729,20207
9979000:16406,18730,11176,12977,23604
425500:16420,22484,13070,262,5429
11129250:10338,13888,22999,8439,7105
5980500:2683,24486,5655,6908,11080
6354500:11196,13942,12924,18805,5185
5642000:21995,14020,14902,24780
8215250:15022,28438,8662,24608,11176
12215000:22489,21632,24825,29473,14887
11716000:22484,2452,16373,17640,26288
1911500:11679
9671750:16420,5429,7743,23857,11018
5143250:16485,9548,12754,5211
11022500:2683,7868,9620
5037000:24628,24358,21995,14902,24780
3089500:11196,3228,8689,3627,1831
7703750:27019,4728,12977,13799,5962
11984750:20338,19339,18575,24792,9894
5911250:25086,2257,15138,11776,16420
2616250:11176,16420,2655,16406,15138
236000:2655,5429,7743,7868,23857
6683750:15534,20154,28553,554,1182
10312750:21632,24825
4215750:24628
4392000:10136,14580,3390,993,6908
7445000:14294,2729,27092,24196,4731
7184500:24628
5948500:21672,14020,18075,9620,4949
12027000:25372,19514,12352,12220,7868
7860250:27092,16463,23779,23013,8359
8230750:21672,14020,18075,9620,10329
10979500:14647,1666,2217,4366,11882
8145500:16420,2655,5429,7743,7868
6867750:4731,21110
29750:14914,241,25346,19422,7910
1832000:26404,6104,20449,3390,16821
8702500:16406,11679,8689,16110,12977
9488750:20207,3627,11196,15446,7997
4304250:23103,24608,262,2257,23662
5068750:27092,25372,23779,21372,10014
6099250:18946,9549,27509,17431,21110
5264500:11670,29381,19636,6665,13607
981000:4731,24628,16079,14545,14533
2316250:24358
2737250:16420,7743,22840,11018,4078
6458000:16420,29331,14294,21110,28177
6458250:16406,3228,8689,16110,11176
11494250:14580,2440,26722,993,6908
10264750:16420,15138,7743,19974,13401
3031750:29381,19636,6665,13607,3032
5170500:24015,11176,11687,20045,29099
1492500:22489,21632,24825
3035250:14294,9838,26722,2963,14580
1449250:19422,7910,17640,8724,15022
7405250:13244,504,10014,17453,2655
6977000:27539,14533,15159,3755,3702
6264750:21611,28357,13401,6571,22280
11874000:13975
9906500:4694,20338,19339,2217,7354
11283500:17453,679,1670,12606,25917
11737250:2963,21565,6520,27791,8717
4658500:17431,24358,4913,20196,7552
8869250:6672,18805,24015,11176,11687
139000:5627,25346,28438,8724,2683
11339250:21110,1280,9842,6880
1641000:11776,8689,24869,23475,25631
2910750:26860,14415,24869,7096,24070
6250250:20154,25372,6326,24645,23470
8940500:25372,5416,10810,768,13135
3245250:15022,11679,28438,7323,14942
5082500:19422,24942,7910,16406,16420
2808500:14020,9340,3151,19405
4712250:599
650750:17747,12352,21672,15138,23491
12377250:5429
8730250:19514,4578,15138,6908,20184
7002750:16406,8689,16110,18730,12977
12154500:13971,25309,25372
8435250:18946,29547,25372
4680000:27092,23779
11527500:16406,8689,16110,18730,11176
4133750:13238,8943
747500:20585,26314,476,2963,24196
71250:8662,16373,24562,7729,7323
3272000:15874
3096750:16420,22280,11679,27092,22840
7383000:2729,16420,15138,16406,22840
4814750:12352,8637,3719,15639,14942
8040000:2898,17747,19113,3553,679
3588500:14625,25272,17945,6918,15065
6358500:11196,12977,23143,23491,27406
887500:11767,12168,14780,2683,454
3552000:29095,2217,1428,2368,7323
1909250:4220,13238,21201
6694750:22489,21632,24825,7105,4728
10592000:7105,27509,13975,4220,21201
691500:6820,22029,8240,476,23273
10185000:5470,22840,4281,5912,19514
4087750:27539,24486,6672,3702,3228
7435500:15934,24869,23475,24385,23103
7450000:16406,22840,12394,12220,14942
11167500:4618,14261
11141500:27625,15138,14482,7323,16406
711500:993,15352,28370,20425,2966
6654750:12394,3228,11679,8689,16406
11078500:7729,11176,8689,3627,3719
3288750:19514,4578,15138,6908
2006000:24471
5957500:21672,3719,18075,3627,24869
3010000:8409,504,6542,13244,7822
4475750:18575,24792,9894,22583,17437
1247000:3228,16406,8689,22840,16110
82250:20207,2683,19615,13244,12220
10799000:24201,22840,15814,4281,2655
7323750:16406,15138,3228,15446,16110
11535500:28438,1666,16606,241,25346
6458500:1047,7323,20047,27406,3393
4399750:21672,14020,18075,9620,4949
7286500:15874,16420,16406,25770,15138
2788750:1831,15065
12015250:29095,7323,454,19796,11196
12061000:12394,5912,5470,18805,11328
10816000:993,6908,12220,2440,679
799000:25272,11080,5043,12118,8138
4620000:3702,11396,20047,20411,15018
3723750:20388,1507,27895,8628,27019
418500:2217,12394,8662,7868,14020
7545250:16079,14545
203750:27191,9165,10390,16406,2729
6140500:2257,24385,23604,17748,17959
4804500:21865,10058,16529,8313,19523
5745000:2683,24486,14580,993,6908
10234000:21681
9121750:6290,19339,2217,28230
9044750:14261,5912,5470,5185,15138
12204750:25214,10970,10176,25570,21565
140500:25260,29084,8278,20846,8842
4421250:28438,12168,29095,25086,2683
1165500:2410,4949,6352,21672,10840
7600250:3627,8689,22393,24601,15352
2704750:15934,24869,23475,24385,23103
5440500:18196,26288,7323,3228,16406
4967250:11196,16110,18730,4949,11176
1530250:15138,3627,14780,23103,17995
11046750:23793,20180,28855,15639,24194
5061750:2963,3390,19702,16199,6672
4378500:16420,2655,5429,7743,7868
7211250:22840,14625,11018,28641,21110
3892750:8662,4939,11176,16406,22840
2148250:11263
10715500:6299,7323,20047,24942,23829
6257000:16406,8689,16110,18730,11176
1206500:28438,25346,27456,17640,7323
8327250:262,2042,16420,3719,23857
2882750:25260,993,15814,1831,20846
11625250:7323,16406,8689,16110,18730
8163500:14902
1074750:1591,10338,13888,22999,8439
4770500:5416,10810,768,7560,13135
2033500:5962
9973000:15934,24869,24385,23103,21110
5011500:27019,1415,16079,4913,27683
5899750:11196,27446,16110,7729,11176
10831750:8637,7868,12352,15639,14942
5121750:16406,11244,20918,16918,22833
6061250:14902,4571,24780
9946250:2655,11175
2676250:4939,10282,25177,13556,11199
4025000:25086,6299,2683,7323,19796
8529750:17772,14935,9242,16406,23143
1525000:19514,11679,4578,15138,6908
10885750:19796,7518,8860,7990,6672
10492250:27509,11196,24628,14261,5962
364250:15019,8662,3702,11396,4366
2940000:18946,9549,25372,20658,26737
6768000:4949,22840,7356,27446,10840
2797750:6672,18805,11176,20045,29099
9420500:7323,25687,4366,16406,11882
1459000:2440,19514,12352,7868,11767
9394250:15534,20154,28553,7552,2826
10933250:3702,11396,20047,20411,15018
5293250:21995,11080,24780
11225500:6820,2899,22029,8240,13975
154750:21110,25372,11679,11175
8523250:7868,12352,15639,14942,22840
11220500:11000,4281,21865,10058,14415
12234750:13853,16485,9548,5211
4501000:19862,12394,25029,8689,20918
8508750:6299,25687,7323,14942,7729
3001000:28438,29095,25415,6299,17640
1104500:11080
11923000:14780,26288,8662,28017,7323
2921750:27509,10144,6740,5469,27513
9055750:12352,14942,18075,7868,8637
11612500:13238,27019,4728,12977,13799
3295250:3228,16406,16110,262,25989
3661500:23541,25372,1280,9842
5697750:14261,1831,5470,1591,21336
