11782250:8662,12394,8689,11679,26722
6572500:18730,12394,682,8628,19574
10546500:8024,18024,15138
8172250:24598,20207,25086,2683,8689
9979000:9620,18730,16540,12977,7061
425500:23103,5429,13070,2627,12394
11129250:5962
5980500:12168,24519,25372,2683,29084
6354500:22319,18990,2683,11679,21110
5642000:21995,14902,24780,4694,14020
2676250:22993
8215250:28438,8662,15022,11176,23421
12215000:25135,19394,10480,11897,6398
11716000:2452,11793,2128,9609,20207
1911500:11679,29473,14887,28453
9671750:5429,13238,7743,18024,23857
5143250:22029,8240
3644250:5962
11022500:9549,2683,18990,9620
10443000:5962
5037000:24628,24358,21995,14902,24780
3089500:11196,15934,3627,27407,3228
7703750:27019,4728,5962,12977,13799
5911250:18632,27135,20180,20207,25086
2616250:2655,9111,8689,2945,15138
236000:5429,7743,7868,18024,23857
6683750:554,1182,11196,3740,16079
10312750:21632,24825
4215750:24628,11029,13020
4392000:23698,12352,2655,11080,16399
6067750:9340,18024
7184500:24628,5098,20595,10038
5948500:10329,679,18805,11080,12977
12027000:12352,19514,12220,14580,7868
7860250:16939,27092,23013,23779,11196
8230750:10329,679,18805,18075,14020
10979500:21225,1666,23421,14647,9609
8145500:5429,7743,7868,18024,23857
3981750:476,16396,599
6867750:4731
5068750:16939,25372,27092,16463,1706
1832000:7105,3390,6104
8702500:9620,29099,11679,16110,12977
9488750:22727,8689,24977,2683,4324
29750:29497,14914,241,7910,24486
10492250:8676,24628,5962,27509,11196
6099250:4220,13975,21201,13238,15125
5264500:6290,21865,28059,628,5615
981000:24628,16079,14545,29381,14580
2737250:5429,7743,18024,11018,21994
6458000:21110,28177,5429,7743,3228
6458250:16406,7356,8689,27791,9620
5959000:9275,19113,3553,16624,17577
11494250:25372,24984,27371,19514,14580
10264750:21838,21110,16939,5429,21611
3031750:17597,24628,15315,29381,19636
5170500:6672,281,26659,11176,11687
3035250:14294,11052,2257,14580,26722
7405250:13244,1706,1721,7409,12220
7016500:16079,2655
6977000:5627,647,22317,12352,27539
10628500:4913,14227,28059,5429,12790
6264750:22280,23013,16463,24307,23779
5034000:25272,8637,5043,12118,8138
7854500:18689,5613,14930,11196
11874000:13975
8799750:5962,18575,24792,9894,22583
9906500:4694,20338,19339,2217,7354
11283500:7409,1670,17453,679,1591
11737250:27791,2963,21565,12220,6520
4658500:6820,22029,8240,10680,4913
10799000:6880,12394,12220,24471,15639
8869250:26722,6672,4571,281,26659
139000:28438,5627,2683,11767,24519
11339250:13853,21110,1280,8689,5429
1641000:4479,15934,24385,25372,3719
8051750:5416,10810,768,7560,13135
2910750:24070,25329,19421,7654,23662
11984750:21911,20338,19339,4949,3228
6250250:20154,10014,25372,27683,6326
8940500:25372,5416,10810,768,13135
3245250:11679,22552,28438,15022,27407
5082500:24087,19422,10726,3151,24598
2253250:11679,23273,2367,21110
2808500:2729,14020,18075,3313,9567
7699500:14806,16079,18697,14531,26605
4712250:599,6656
650750:18730,3228,23491,17013,12977
12377250:4728,12977,13799,5416,10810
8730250:25309,23928,19514,1290,4125
7002750:8689,9620,29099,17061,18730
12154500:13971,25309,25372,29381,19636
7445000:21672,10948,3151,25356,2729
8435250:18946,29547,25372
1459000:19514,14580
11527500:8689,9620,29099,4571,18730
4133750:11196,13238,8943,1260,15672
747500:19660,8996,29099,7560,2963
71250:8662,10726,1015,11176,23421
3272000:15874
1561250:13240,4313
7383000:2729,26288,16550,3313,24601
1449250:5627,14914,28951,19422,15022
8040000:679,27019,5416,10810,768
5293250:21995,11080,24780
3588500:14887,28453,4220,476,23273
6358500:23491,17013,12977,23143,11679
887500:11767,23421,10404,20207,24486
2752000:11196
3552000:28435,23421,1428,23857,24517
1909250:15125,20196,14930,19835,14393
6694750:2826,24358,22489,7105,21632
10592000:4220,13975,21201,18946,29547
691500:7611
10185000:12394,16550,14261,4694,5470
4087750:7323,22317,5429,8637,27539
4680000:22280,16939,27092
7435500:9340,4479,24385,25372,3719
7450000:8996,12220,16540,4694,22359
11167500:18730,281,5334,25260,21067
11141500:7311,7560,15138,26314,15639
711500:8662,2683,25086,2945,12394
6654750:12394,8689,7323,11679,16406
11078500:16406,10726,15934,9340,3627
3288750:23793,3228,25309,23928,19514
2006000:18758,25366,1530
5957500:9340,15934,18730,3627,3719
3010000:19993,27407,504,14647,8409
4475750:7868,18575,24792,9894,22583
1247000:8689,16540,9620,4571,7061
82250:2683,8689,26655,19615,12220
7211250:26288,23857,14360,13390,22359
7323750:5429,16406,16110,15138,22280
11535500:28438,1666,241,4980,23421
6458500:24517,19005,2627,1047,21565
4399750:10329,18805,11080,12977,18075
7286500:25770,15874,13265,4172,15138
2788750:7692,27205,23475,21581,8628
6564500:1591,10338,13888,22999,8439
12015250:10788,15639,4949,7323,19796
12061000:14261,12394,16550,4694,5470
10816000:8439,15584,9340,25372,679
4620000:11396,3228,3702,22317,9472
3723750:20388,1507,27895,8628,561
418500:8662,12394,2217,8689,26722
203750:9609,10948,11176,6092,24542
6140500:24385,4571,17748,12943,8689
4804500:17214,21865,10176,10058,16529
5745000:12168,25372,24519,2683,12352
9121750:6290,19339,2217,28230
9044750:12394,12220,16550,4694,5470
8508750:25687,24598,23421,3151,6672
6807250:5962
12204750:28653,10970,10176,25570,21565
140500:25260,20846,2898,21336,27791
4421250:26722,24519,2683,12168,20207
1165500:10726,17640,12352,14294,10622
7600250:2683,21110,3627,9486,22393
7715000:24358
2704750:9340,4479,24385,25372,3719
154500:11670,29381,19636,6665,13607
9278500:10616,27407,14020,14984,9645
5440500:26288,7323,15934,13776,11328
11158000:29473,14887,28453
4967250:16110,4949,29095,11176,12977
1530250:23103,7356,15138,5429,15405
11046750:28855,24194,15639,29392,5443
5061750:23698,24984,8996,22319,8662
4378500:5429,7743,7868,18024,23857
3892750:22552,8662,3151,9111,11176
10715500:24598,8662,3151,2627,19993
6257000:8689,9620,29099,4571,18730
1206500:21225,22552,28438,23421,28951
8327250:15138,15934,7624,23103,2655
2882750:21336,19615,9563,12352,27791
11625250:16110,16540,2627,12977,7061
8163500:21995,24780,13888,22999,8439
4770500:5416,10810,768,7560,13135
2033500:5962
9973000:9340,4479,24385,25372,3719
5011500:13238,4913,27019,13975,21201
5899750:24598,23421,27092,10726,15639
10831750:7868,8637,12352,4949,14261
5121750:21672,25356,11196,11244,2655
6061250:14902,4571,24780
4025000:25086,20207,29084,19796,8689
4304250:23103,25329,24608,17061,262
8529750:13020,3937,2898,5429
1525000:1290,4125,18572,5845,18805
10885750:29541,10390,24087,3313,6617
3096750:22280,16939,2655,11679,27092
364250:23421,8662,11793,6096,11396
2940000:18946,9549,25372,16110,10338
1661750:11328,11670,29381,19636
6768000:16399,29084,27791,22029,11176
9069000:5962,11328,11670,29381,19636
2797750:26722,6672,4571,281,26659
9420500:21225,19993,25687,24977,23421
9394250:27019,15534,20154,28553,7552
10933250:11396,3228,3702,22317,9472
4814750:8637,9340,12352,25372,3719
11225500:27019,21865,2899,155,4220
154750:2655,3720,25372,11679,7552
8523250:7868,12352,15639,14261,25260
11220500:25329,17061,262,7654,18515
12234750:13853,16485,9548,5211
4501000:21672,25356,19862,11196,12394
3001000:21930,17640,2683,20826,23103
1104500:6820,22029,8240,6290,22400
11923000:8662,6672,18632,2683,2373
2921750:29473,14887,28453
9055750:12352,7868,9340,24598,24385
11612500:4728,12977,13799,27019,5416
3295250:16406,17061,16110,262,9620
3661500:25372,4078,23541
5697750:27153,26288,24598,6571,1831
