2350750:8662,11176,26722,14020,9671,11263,27160,11612,8689,25488
7269750:22484,16406,25631,15159,15446,23779,5086,4078,15189,22280
6572500:20045,17725,10106,8662,2249,12189,11244,11176,201,16918
11751000:25029,19466,16406,25631,27135,6364,11078,2373,22087,22246
8555500:2128,29099,27514,17453,12220,16550,1670,27117,24503,12688
425500:5627,7910,19422,16373,2368,1577,22484,1428,14914,15446
4853750:1577,14942,2899
5980500:25415,11767,12168,241,19615,13483,2373,16373,22029,15814
4256500:16079
9039750:1047,16110,17640,7323,21815,23214,14796,26288,10058,12943
4115500:9111,1577,25989,22317,17020,19466,28065,17760,23214,2373
6264750:22727,1666,7910,19422,8409,14914,13244,16406,11078,504
591750:11767,17640,21110,10329,20045,12168,4499,22547,25323,24922
3404000:16406,23214,12977,16110,11000,7323,25329,23604,28924,8689
7149500:22484,25631,12394,15446,13070,15189,24726,26464,17214,17297
7367000:8662,16406,11176,11000,25329,23214,22908,10058,16110,8689
4956000:15022,28438,3324,11679,8662,15352,11244,17725,16918,20045
7927750:23421,1831,9671,11612,25488,2655,27791,16406,18075,259
4606000:16406,23214,25631,22484,23604,22552,16110,25323,1530,2729
145750:2257,22484,4544,26288,25631,4078,12394,15446,15390,13070
10443000:20826,14942,8676,8662,23214,6731,6672,20045,20207,28924
1710500:2368,8676,23214,14661,20045,12453,5334,4499,14942,6672
9706000:22727,8676,4452,26754,6828,5803,1831,23829,11196,1598
3913250:22482,26973,14261,24628,24977,14294,1831,12606,11431,23549
12008000:25415,8662,15022,18196,23103,14942,23214,28438,6672,11176
9351750:15022,28438,3324,22484,16406,23214,14806,20207,6672,29381
4195500:4544,29445,9671,1530,11612,25488,23475,259,15114,3627
1194750:12964,5334,16406,4452,23214,20045,22489,6672,21632,14942
5108000:5627,20826,25415,1047,15022,28438,1577,12453,8662,8860
1617250:16406,12220,23214,26288,28924,4544,29445,16110,14482,9671
10018000:26485,3553,23214,20045,8662,25219,15352,4499,25770,6147
8145500:26485,241,4834,2217,21930,11000,20045,3553,4626,3702
567250:1666,23491,1047,20045,3324,7997,15352,14796,11196,17640
12371000:16406,16110,15138,10058,9671,25323,11612,23214,21865,28924
6867750:1666,23491,13244,8409,504,20045,11196,7997,16406,17453
1319000:15138
1832000:25415,11767,15022,12168,28438,26722,11176,23103,26404,18730
3188000:22317,19615,20045,25989,15814,15019,2249,4499,17453,11176
8430000:7910,19422,20826,28438,15022,15814,15352,14914,23214,12168
29750:26485,14914,7910,19422,20826,20045,2368,29497,241,11936
980000:8662,15022,25415,16373,18196,28438,16406,11176,23214,4499
3249250:23214,8662,11176,20045,16406,28924,4499,29095,3702,25323
6099250:18075,4220,13975,7611,27791,13971,25309,10151,21201,13238
10047250:15138
2050000:15138,4078,2655,16406,12352,25272,17945,20846,21091,18024
861250:16406,23214,11176,25989,10840,28924,4078,20620,25212,16110
10533750:16406,6672,14942,7868,9111,23214,28924,15138,28653,24628
10915250:6672,8662,11176,14942,11396,20045,14020,4499,17640,8637
6458000:21110,28177,11652,3228,15138,14294,29331,4078,11052,2655
4557250:26485,20826,16373,11767,3553,15022,28438,11679,12168,19615
405000:16406,20045,11176,23214,4499,14294,12168,7323,10840,2353
1815750:22484,6672,14942,20045,4499,7868,15189,25272,143,25631
1971500:16406,22246,28924,15138,16110,3393,23214,16011,949,24628
5170500:20826,28438,15022,3324,11767,7997,15352,20045,27135,8662
5354000:16406,20207,22484,23214,6731,20045,2683,25086,15446,25631
5915250:22547,23273,16396,14261,12220,27508,18251,1642,5912,25329
7016500:16550,12220,28425
3335000:12395,19466,27135,20045,2373,4499,4039,15019,26894,5957
12215000:8027,20826,23770,22879,21632,24825,1047,4515,11748,13602
9202750:19466,27625,27135,14661,11176,12453,2373,29547,10840,28270
10302500:16406,23214,12977,16110,18730,7323,23604,28924,15639,14261
3114000:18227,25488,18075,23207,9671,11612,6820,22029,8240,259
452750:18196,23214,14942,20045,16406,28924,20207,15352,4499,25086
9716500:20045,4499,6672,29084,143,6918,19514,13274,26722,24015
8869250:16373,11767,12168,20045,3324,26722,17060,27135,9906,11176
6126750:6672,29445,14942,16406,28924,22993,1428,25323,23214,1530
8909750:7910,19422,16406,23214,11176,28924,14914,2367,20620,25989
1579250:2368,16406,3702,11196,26288,20620,3285,25212,11032,23878
764750:22484,20207,29445,25989,23604,6672,23214,290,5369,16406
2910750:26485,241,2683,23491,1428,11679,12168,3553,22484,28937
12417500:26485,3553,14942,6672,10970,20620,9111,1530,25212,12943
8156500:18075,14625,4913,14227,28059,5429,12790,12754,14511,24628
3245250:26485,14647,20826,1047,3553,15022,28438,2373,12453,16373
4423500:3723,10058,21865,8313,19523,262,21092
2253250:20826,14942,6731,6672,24358,23214,17725,29095,28924,614
6766250:16406,23214,28924,15138,24628,16110,9671,11612,7323,23604
11632250:26485,3553,16406,23214,20045,7323,4499,3702,22908,11396
3215500:11176,10840,4949,6203,7096,14318
200250:26485,15022,27135,28438,3553,3324,23214,11078,14942,6672
3168000:20207,9486,5883,2368,3627,18196,993,15352,25086,2683
11493000:22484,12964,5962,5334,25631,12394,15446,13070,15189,22489
9079500:7910,19422,16406,22317,14914,19466,2373,20045,17640,29095
8730250:20045,15352,16406,6672,8662,3324,3285,23214,25323,14796
65500:2217,21930,12220,15138,9671,11612,16406,4544,29445,259
6515500:16406,23214,20045,143,16110,23604,28924,4499,9671,11612
832250:8662,23214,11176,16406,14887,20045,29095,28924,18730,4499
10054250:24628
4503500:17640,23214,12168,16406,2249,11396,29095,23779,12977,21110
11142000:11679,18196,11196,20045,17640,3324,4499,20207,15352,9671
4376250:14942,23214,15138,20045,20207,6672,16406,23604,12220,4499
747500:19660,28937,26314,13244,20045,14575,17020,574,16011,19615
10521000:12964,5962,5334,4571,7611,20338,6290,19339,2217,23770
1561250:13483,20826,23214,27135,2373,20045,11679,14942,3324,20536
5812000:20826,22993,1670,17453,18977,1642,25177,1644,17823,1712
2182750:16406,23214,12977,16110,18730,7323,23604,28924,15639,14261
190500:26288,16406,29445,15138,15390,11196,26665,4544,25372,3285
10401500:16406,8676,4452,23214,7323,28924,24628,18730,12977,15639
1173500:12220,24977,1831
2733500:15022,13244,12168,16406,23214,28438,11176,6364,20297,28924
3588500:16406,504,6731,23214,20045,15874,19036,14242,24628,27033
282500:20207,16406,3627,25086,11196,4078,11624,15138,993,15352
5987000:16110,1047,21815,3627,19814,8689,8868,1073
887500:26485,14647,7910,19422,20826,3553,28438,16373,25415,13244
10322250:20207,15138,2683,25086,9486,20045,143,993,15352,3627
7483500:6731
3148500:26722,14625,11431,28411,23549,6918,1831,15065,21372,25830
11169500:23491,11196,21681,8154,22482,26973,15534,3228,12977,13431
47000:29099,27514,12688,24503,3590
848500:15022,23214,28438,15138,21681,23604,23103,28924,27458,24608
3293750:16406,23214,16110,23604,28924,25488,12977,8689,18730,7323
341000:5627,15022,28438,28924,14942,14796,6672,11244,16406,17725
5139250:20826,15022,28438,19993,14661,13483,12453,16406,8860,2683
6654750:20826,25415,29381,19636,2176,11225,12762,17450,11767,27135
5957500:16373,11767,23214,6731,20045,6364,3324,28924,14942,16406
4475750:5627,4834,8027,16373,1047,819,13483,374,12453,4626
7190750:14942,19466,6672,2373,7868,17640,27135,8637,12220,170
3524750:18196,9671,11612,25488,23475,25346,259,15114,3719,3627
12231250:16406,15138,20045,16110,143,23604,23214,4499,4544,29445
1441500:26288,4544,29445,15390,12977,27092,6080,25733,15138,22664
11949750:7868,4336,24601,5680,17020
7320250:26485,11679,7910,19422,16373,3553,22484,20045,11196,15446
3009000:8662,15022,28438,3324,22317,16406,22552,29095,24608,10058
2331750:11052,27791,9671,11612,25488,23207,259,23475,23403,26722
4907500:26485,8662,16373,3553,23214,16406,11176,20045,28924,4499
12061000:26485,23491,3553,20045,12453,8154,22484,504,16406,3702
1627000:26485,15022,3553,28438,21930,11176,28937,10106,8662,12189
2251750:12168,23214,16406,6672,6364,251,28924,26288,14942,13765
382250:23214,20045,3324,20207,8662,16406,4499,2249,11176,15352
5952250:22484,6672,14942,20045,7868,2669,4499,15189,9671,11612
239250:20045,20207,11196,17640,4499,10840,15352,28855,25086,9486
4804500:374,7910,19422,14914,527,12316,7868,9111,25086,12220
9044750:19466,20826,1428,14796,19862,11679,11767,26314,25029,5883
4189500:241,16406,12220,23214,11000,16110,28924,10788,12977,25329
5199750:26288,12220,4544,2128,29445,16550,24358,12977,10058,3723
3952000:16406,12977,23214,8676,16110,23604,7323,24792,9894,22583
2756000:25488,9671,11612,8689,21110,23475,259,15114,3719,24869
140500:23491,15022,28438,29445,22484,2373,23214,4626,241,11196
11496750:17640,20045,143,4499,4336,5680,11687,6672,17020
71250:26485,16373,3553,28937,20045,22087,11176,8662,26297,9462
7600250:15022,7910,19422,16373,28438,11767,22317,23214,3324,12168
2704750:15022,2368,28438,26288,8662,3324,4499,24608,11176,29445
232000:12964,5962,5334,4571,7611,27791,13971,25309,10151,9651
415500:26722,22484,11052,26288,4544,25631,29445,12394,15446,15390
528250:8662,5863,11176,29095,12168,16406,15138,14796,28855,23214
3226500:16406,20045,26288,23214,4499,10106,11176,2249,25323,13274
1189000:26485,8662,3553,4452,11936,5883,20045,23214,16406,2128
4378500:26485,22727,3553,18196,20536,20045,1577,23214,16406,11196
7211250:22727,2368,16373,1047,2217,15022,8662,17020,6364,22484
5754500:22484,26288,20045,19993,10014,4544,4499,25631,15189,29445
7810250:22484,21930,22317,20045,6672,4499,15352,29095,25323,9671
7513250:23779,22280,53
3520000:8676,23214,6731,15019,1577,20045,21930,14942,17725,28924
4852000:16406,23214,16110,28924,12977,7323,9671,25488,11612,15639
5027500:20045,26288,4499,4078,15138,4544,16406,143,19796,15390
1517000:16406,16110,18730,7323,23604,23214,3723,8689,10058,28924
8622000:12352,25488,25323,11687,9671,11612,21672,4618,10329,14020
3396250:20536,9111,20045,23214,17640,20207,16406,6672,15352,14153
8353250:16406,23214,6918,26288,21490,28924,3702,13274,7323,8313
8123500:7868,6672,17640,11080,14942,14020,25323,12352,9548,25372
573000:6672,14942,12352,8637,10058,13518,9671,11612,21865,19052
8910750:8676,11196,4220,13975,15138
299750:14942,8676,8662,23214,6731,11176,6672,16406,17725,3702
1969000:11767,15022,21995,16406,12168,23214,28438,26722,20207,10840
5011500:26288,12168,19036,4544,27033,12055,6098,4953,25090,22
4035250:16406,20045,11000,4499,23214,143,10058,11612,25329,24015
12275500:8662,11176,20045,11196,13274,26722,3285,24015,18227,1700
10831750:1666,374,2368,6672,12160,18868,13779,25770,9111,1577
3363000:16406,16373,6918,6352,23214,8278,16110,10058,7323,26722
2874500:13483,2683,27791,16406,12168,23214,11176,20207,28924,647
1531250:16818,16406,8676,17438,23214,20045,7323,19993,28924,2217
4054000:1666,16606,8738,24831,6672,14914,7910,19422,14942,14712
2103250:15874,14942,23214,16406,6672,8676,20045,7868,4499,143
2232500:15022,28438,16406,3324,24358,23214,4499,24628,24608,20045
5279750:26722,8676,14661,12453,29445,4544,28794,27092,15390,3658
1812000:23491,15022,28438,23214,8662,17640,3324,14942,20536,15352
5828250:23338,5330,24196,15315,20297,7868,5336,22319,19475,2610
6233750:17640,25989,9111,28653,20803,10970,20620,10058,25212,11032
11761750:14796,15138,16406,23214,11176,25323,9671,7323,239,11612
4186500:26485,20826,22484,23491,3553,20045,241,22552,10106,10058
2797750:11396,11080,20045,23251,12795,21110,16217,28017,4499,22393
9420500:26485,14647,1666,19660,3553,13244,6731,6364,1577,16373
9794000:241,12220,16373,6352,16110,10788,949,9548,2729,4080
6266000:26485,14942,6672,16406,3553,23214,7868,23604,12352,8637
5059000:9671,11612,25488,8689,21110,259,15114,23475,3719,21092
7103000:2683,19993,8676,10329,1372,20045,19828,24425,16406,4499
2626250:25415,23214,26404,20045,7323,26288,16406,28924,16110,11196
9685000:25488,9671,11612,8689,21110,23475,259,15114,3719,3627
11225500:16406,23214,16110,7323,12977,23604,24977,5267,28924,10680
4370750:16110,16406,23214,11176,15639,8689,10058,7323,6114,11781
8523250:20826,16373,28438,1047,15022,2373,11767,3324,8662,20536
9244000:12964,5962,5334,22489,21632,20338,19339,2217,24825,28230
8102000:10329,24385,22547,22393,19974,25323,12220,21672,27508,24015
6150750:12220,15138
8633500:4834,11196,29099,4626,27514,27618,12688,24503,3590
1904750:12168,6364,20297,13765,29099,1773,22094,19431,18508,25933
6412750:16406,16110,23604,25488,28924,7323,27791,11612,12977,12394
9463750:26288,4544,29445,15390,2826,6080,18002,6326,17429,22664
9076750:23284,13975,15138,11263,16406,7868,239,21201,18124,4268
11352000:241,22484,20045,3324,23214,8662,25631,15352,15189,26288
1782250:16406,20045,9111,25329,28924,23214,15138,26288,11000,10970
11782250:504,12160,28438,11176,8662,15022,18868,2217,25086,15874
4852500:15022,28438,23103,3702,20979,454,10058,11196,16406,24608
1074500:26485,16406,15022,3553,23103,19615,23214,28438,12977,11670
5320000:12220,15138,16406,10680,3702,11624,2655,25372,20411
64000:20045,143,4499,6672,7868,26722,24015,23076,4949,7754
11874000:22317,22547,14545,11176,5863,8689,11078,10840,5416,10810
7218000:5627,16406,6731,28924,23214,13274,6918,3285,11176,11196
11022500:6364,12168,11396,9111,8409,4544,28149,13765,10136,29445
11579750:16406,20207,23214,25086,28924,15352,2683,16110,9486,12220
10790500:15022,16406,23214,28438,21930,18868,7323,23604,23103,27458
3272000:20207,2655,12220,3627,15352,25086,454,9671,12394,4336
8327250:3324,22087,15138,11000,10058,11612,16406,25329,239,2655
3089500:23491,11196,11679,8154,17640,20207,19036,14796,13431,9111
5248750:8662,15022,16373,28438,17640,18868,29095,11176,11000,5470
5608250:26485,16406,3553,4544,6731,20045,16110,26288,7323,23604
4399750:26485,20045,3553,3324,878,16406,22484,25219,13765,28049
2616250:11176,8662,2655,20297,14265,12394,14020,12329,251,26722
3795000:22484,26288,20045,16406,10106,4499,23214,29445,15189,25631
2768250:2655,15138,4078,27791,16406,239,3720,20411,18624,5372
8701250:16373,23214,16406,20207,20045,3324,28924,4499,6352,11196
7921500:22317,20045,5863,6299,22547,23338,24015,12329,4499,26619
3344750:11679,20045,143,4499,6672,7868,24015,11687,28425,23076
11601500:26754,1598,23207,9250,28425
1699500:11679,11196,16406,20045,11176,25989,7323,23214,11080,10840
5948500:26485,7910,19422,3553,504,14914,22482,16406,8409,20207
11321750:11052,12220,27791,4452,16406,11196,26722,10680,16550,3702
5780000:5627,27683,12453,2249,28149,17725,11196,14661,26754,6104
11701500:6731,28425
6897000:6827,24628,11790,12132,23538,29490
3981750:16406,23214,26288,8676,5087,6731,7323,23604,28924,4544
9344000:5640
854250:23214,20045,16406,28924,4499,3702,25323,9671,3285,29095
3326250:20045,6672,23338,25488,9671,11612,143,15315,24015,11687
8702500:26485,15022,241,3553,28438,23214,11936,25989,14796,3324
9488750:20207,22727,11196,25086,14294,5267,3627,25989,24977,993
1324500:12964,5962,5334,20045,143,20338,19339,2217,28230,22489
6140500:374,7910,19422,14942,14914,6672,11176,23214,13765,17640
4304250:5627,20826,15022,28438,15814,17725,8662,27135,8860,13765
5068750:13244,4078,23779,22280,25372,23013,53,29203,11196,27092
4994000:16406,23214,16110,7323,23604,28924,19974,12977,15639,18730
10566000:12964,5334,20338,2217,6672,4544,9111,29445,878,10106
6634500:7868
5336750:2373,20045,3324,16406,25219,27135,23214,15352,19466,6672
3282250:21995,14942,20045,22484,8662,18196,6672,11176,4499,20207
981000:5627,16527,28225,20826,1047,13483,11256,17737,27135,28924
4336750:16406,8409,23214,28924,8689,6918,13274,7323,13087,4078
10064500:11196,23491,8154,20045,18575,24792,9894,3627,17437,22547
1244250:16406,23214,12977,26722,16110,18730,7323,28924,23604,8689
2737250:241,16373,8662,20045,15814,3324,10788,17725,11176,16406
6458250:26485,504,3553,6364,2368,11679,16406,18196,11000,17640
6998500:17640,20045,15814,14796,23214,19615,15352,14942,16406,6672
11535250:13483,11767,12168,2683,20045,11176,23214,14796,8662,3324
6172000:15022,28438,16406,25989,11176,3324,23103,24608,18868,16110
1525000:20826,1047,241,28438,15022,8662,10106,27160,24922,11679
4844000:23214,8662,28924,16406,13274,9671,11612,25323,7323,12964
1492500:23214,20045,11176,8662,3324,17725,4499,6672,28924,29095
3035250:7910,19422,23491,20826,16373,25415,28438,21930,14914,15022
731750:16406,15022,23103,28438,7323,28924,12977,18868,24608,8689
7545250:16406,26288,23214,20045,12220,4544,4499,28924,29445,9671
10972250:15022,21930,28438,18868,23103,4618,239,8637,1280,16624
10628500:14020,25488,9671,16564,10058,11612,21091,6246,4534,26426
2148250:1666,9111,22246,11000,22482,28653,11176,19974,26973,22547
11391250:22484,25631,11176,12394,1428,14265,22993,2898,15189,24726
2088000:16406,23214,20045,16110,7323,23604,15138,4499,28924,143
7687500:8676,17725,11196,16011,15423,27791,6805,23007,3702,16406
5024500:23214,20045,22029,8240,5087,17725,16406,28924,14482,4499
5034000:16406,20045,4499,23214,17725,16110,1598,18575,24792,9894
4073250:16406,23214,20045,28924,3324,18196,4499,25323,4618,10329
2200750:20045,3324,29095,4499,17725,24628,13274,25323,24015,6918
7854500:26485,3553,11000,20045,3324,4499,16406,29095,23214,14942
4087750:13971,21995,1047,7910,21930,19422,16373,17020,241,15022
317500:15022,11679,28438,14942,17640,15352,6672,4499,11196,18196
1446250:15022,8662,28438,23214,16406,4499,20045,24608,11176,10058
9782000:25488,11612,10058,259,3723,10176,15114,16406,8313,239
5491500:374,1666,6731,23214,12395,7323,5369,28924,16110,23604
6014750:14914,7910,19422,14942,6672,11176,22484,6364,20045,28370
4782250:14796,6672,23214,2683,9486,8662,20045,25086,14942,3324
4850000:22484,8676,20045,25631,4499,6672,15189,17214,14535,12394
4153000:2368,16373,16406,20045,3324,23214,14796,11244,16918,10058
11339250:19615,7868,15814,14796,12352,11670,1530,28626,11612,14482
620500:26485,15022,16373,3553,19615,28438,27135,3324,23214,16406
7306250:16406,11936,4694,16110,20045,143,23604,20338,19339,2217
11137750:16406,23214,6918,14796,29084,28924,7868,13274,9671,11612
4037500:17640,17453,4336,7868,24601,1670,17020,6299,1831,21758
3895750:20207,20045,1577,17640,3324,23214,14261,25086,290,20536
5082500:26485,7910,19422,16373,23491,8409,3553,20045,14914,1428
6768000:26485,23491,15022,3553,22484,28438,22727,26314,21995,22029
69500:13483,2683,12168,28924,21930,23214,29095,20045,17725,4499
2808500:26485,23491,2217,22484,16373,3553,8154,11176,4499,23214
364250:26485,16606,8738,23491,13483,1666,1047,14712,23492,14575
10000250:4220,13975
8845250:22727,11605,1428,21681,2257,8676,5087,6672,22552,14580
2852250:11052
650750:23491,11679,8409,11176,11196,8154,22317,14796,17453,29095
10976250:16406,23214,6731,7323,28924,12220,10680,16110,12977,23604
6700250:5640
6380000:26485,23491,14914,7910,19422,3553,8154,20045,6364,5863
12386500:26288,4544,29445,28065,15390,1700,27092,25733,12977,22664
10773000:7910,8027,19422,10338,22999,14942,4452,1598,23214,8805
11131750:26485,3553,23214,8662,11176,12541,454,23928,28924,6918
12028500:5640
11847750:29099,17453,25219,12394,4336,2669,1670,14482,20846,6880
805750:22484,20045,14942,23214,16406,15352,6672,20979,25219,17640
1530250:15022,23103,28438,18868,25733,15138,23928,18013,554,239
5254500:201,8676,16406,5334,17725,3702,949,5738,3285,13971
1838000:23338,24196,5863,8689,1530,14294,21110,12168,22319,2610
9807250:12964,5334,5962,12352,24825,22489,14952,27117,8122,12003
7143250:21681,9671,11612,8689,23475,21110,259,15114,3719,3627
1140750:8676,6731,27791,9250,5738,22179,27509,11939,12964
4097500:20207,15138,2683,2655,9486,3627,25086,21110,993,15352
3903500:8662,5883,11176,16406,17725,17640,11244,26754,10058,12329
3963750:28924,11936,14575,8662,20045,16406,23214,4499,26973,3702
6683250:20045,10329,4499,143,12220,9671,25323,11612,24385,24015
5693000:26485,8409,3553,25989,20045,8240,6299,11612,20620,22908
11114000:26485,22727,3553,16406,17020,22484,25631,10970,4544,25323
6358500:11196,5627,23491,12395,8154,29497,15534,622,19615,19197
11730000:10718,12040,26894,22319,23697,15138,2750,13762,27060,8689
3552000:22727,241,2368,1428,2217,21995,15814,11078,16011,29095
1909250:10194,16873,1831,15138,17429,23284,7868,16406,4220,239
5910250:26485,18196,3553,4078,22908,11263,26394,7868,24486,5053
10592000:20826,16373,1047,25415,13483,11936,20045,12453,16011,19036
3054250:8662,20045,11679,11000,11196,15352,1577,23214,20620,1530
1381000:15138,6731,5087,22547,3723,16406,3720,10058,2655,24385
6400000:15138,23214,26288,4544,25488,29445,16110,5372,23570,15390
6564500:5627,15614,15959,1211,20826,11936,1047,13483,21930,14625
5082750:18946,9549,27509,3723,10058,21865,10176,8313,19523,262
3031750:26485,5627,14647,28438,7910,8027,21995,19422,1047,3553
4259500:26485,15022,16373,3553,27135,28438,2249,28225,8662,19615
10653250:8676,2669,6731,15138,4078,27791,239,26722,5372,23570
7435500:15022,16373,1047,27135,28438,2373,2368,12453,4499,14661
6603750:16406,23214,20207,26288,28924,2683,4544,25086,20536,29445
691500:2368,22727,1047,21930,6731,15446,2217,1577,17020,2683
38250:25488,9671,11612,21110,8689,23475,259,15114,3719,3627
2771250:2683,14261,24628,21747
9288000:241,26314,20045,14796,480,29095,23214,11000,8662,15352
1247000:8662,27135,20045,2249,2373,16406,22317,19466,3324,4499
3684750:8409,23214,16406,7323,28924,4078,2249,26288,16110,28142
3317500:3723,10058,21865,10176,8313,19523,262,21092,14526,29418
7898750:11767,12168,14942,6672,20536,17640,26722,24519,20207,8637
2870250:12220,8676,4078,561,15089,16754,10680,28297,10404,1438
8997500:25415,12395,20207,17640,26404,9486,25086,12541,993,15352
7323750:26485,1666,8409,20045,13244,23491,3553,504,19036,13765
3573750:23214,22484,20045,11679,3324,15352,15189,9671,16406,11196
9972250:26485,3553,20045,4499,6672,143,22482,26722,7868,19796
7361250:7910,19422,16373,3324,14914,14942,6672,14796,25323,10058
5968250:15138,9671,11612,27791,3702,25488,259,15114,3627,24869
5898500:11176,16406,25989,16110,23214,25488,15138,27791,28924,12977
1793250:20826,28438,15022,15814,17640,11767,15352,454,20536,19615
563500:27886,4808,12352,26871,5334,24628,7611,11939,1831,22489
434750:11176,23214,26288,20045,8662,4544,4499,16406,29445,10106
5847500:15022,8662,23103,28438,11176,18868,4499,11624,27160,16406
861750:1666,12168,25989,504,6672,9111,16406,13765,22908,5267
5522250:15022,16373,11767,28438,12168,23214,3324,17640,8662,15352
8060000:6672,23214,20536,6731,25989,26728,26288,16406,7323,7868
5745000:1047,20826,16373,241,11767,28438,15022,11679,3324,12168
5654000:14942,23214,2683,20045,6672,16406,28924,20207,4499,15138
3592750:15022,16373,1047,28438,8662,5369,23214,11244,6672,14942
8792750:22484,13244,19615,15446,20045,22029,4499,15189,25631,6672
4895250:29095,20045,14796,23214,4499,16406,11000,15138,10058,25323
11590500:16406,23214,23338,12220,12977,16110,7323,23604,28924,25488
3405000:12220,22547,24385,14261,11052,12394,27508,18805,16550
2378500:26485,16406,3553,23214,22317,29445,26288,4544,16110,26665
3846250:23214,8662,25989,11176,28924,4078,14545,2128,20620,25212
4712250:25029,8689,19862,5267,4939,23338,7868,5863,10193,12168
1792000:12395,19615,4452,18868,17725,15138,5957,23284,27927,16406
10112000:12329,29099,3723,2683
5440500:7910,19422,16373,1047,241,2373,20045,17725,878,16011
4967250:23491,23214,20045,8662,3324,11196,11176,18196,29095,4499
11046750:16406,25989,7323,23604,23214,28463,28855,20803,12977,16110
5061750:6672,14942,20045,22993,4336,25323,10058,11078,29528,8028
393250:16406,23214,28924,9671,11612,29084,5962,7323,16110,8689
5906250:16406,23214,6731,6918,26288,28924,13274,4544,10207,21431
10212500:241,11767,28438,15022,11679,4544,23103,14942,12168,26288
10845500:374,16406,22484,20045,15814,19615,4499,15189,25631,2128
3216500:23338,25260,7990,12216,3719,6092,10247,25488,4676,26523
1855750:26485,23491,25415,20826,3553,21930,2373,3324,20045,11196
1206500:5627,26485,23491,7910,19422,16373,1047,3553,28438,21930
1966250:8027,15022,1047,11767,28438,23214,13483,17640,819,24608
267250:26485,20826,3553,23214,20045,12453,14942,8662,15352,4499
1104500:13483,20338,19339,2217,6820,23214,4913,6565,414,14227
3266750:6918,29084,8278,13274,10329,18075,28425
5187750:15022,16373,12168,19615,28438,17020,8662,3324,13483,11767
11923000:26485,5627,7910,19422,4834,1047,28438,16373,15022,12453
4876750:29095,12964,5962,5334,14796,18196,11176,9671,12352,25488
4809000:22547,19974,24385,14261
5121750:26485,5627,16373,1047,28438,15022,12453,11679,5369,21930
799000:16406,23214,15138,20045,143,16110,23604,28924,4499,9671
2920750:14647,20826,1047,14661,20045,12453,12189,83,3324,11244
5226500:17640,20045,15814,3324,20207,22552,19615,6672,25086,15352
3751500:26485,3553,16406,19615,22317,25989,15814,4336,20620,1530
621500:11052,18227,12220,22547,12394,9671,14261,11612,23207,24385
7405250:504,19660,19862,13244,25029,17020,2128,4499,20045,15390
9436000:10194,16873,12352,12329,18024,3720,21091,2899
7568250:26485,3553,27135,20045,2373,16406,19466,4499,19615,23214
5078750:8662,23214,11176,28924,16406,11000,15138,27160,1700,11612
9586500:20045,14796,16406,11196,15138,5334,4499,9671,3285,11612
10768750:16406,23214,15138,16110,20045,7323,143,23604,28924,4499
1148000:7910,15022,19422,16406,28438,14575,11000,14914,27683,12316
1661750:5627,20826,16373,8676,14661,20045,12453,23214,28924,4499
2198750:26288,23214,16406,4544,29445,28924,26728,17640,6299,15390
418500:26485,5627,504,2217,5883,22727,14153,25631,5369,11679
6234000:16406,23214,6731,21971,16906,16979,11259,12283,7323,5087
835000:16406,23214,28924,12964,5962,5334,15138,16110,7323,23604
10933250:241,16406,1428,20045,20207,22087,9838,10788,15352,29095
11896000:16406,23214,20045,143,15138,28924,4499,9671,11612,27791
154750:26288,17453,21110,4544,16110,7620,29445,2353,27117,13471
3723750:504,20045,6364,16406,14942,6672,11196,11679,23214,16110
4193750:16373,14796,8662,16406,18196,23214,28924,11176,15390,29445
3211250:23214,16406,20045,3324,4499,28924,6672,143,15138,11196
5438000:3723,22547,11078,12220,12316,7465,27151,28435,4078,10584
1074750:14806,18946,20826,21995,24780,28438,29225,14240,11330,16670
2921750:8676,14942,14661,20045,6672,16406,12453,28924,4499,23214
9055750:1666,8409,20045,14942,6672,16406,20207,25989,20620,3285
7568750:18990,3740,1415,14159
3661500:12168,16406,6364,23214,13765,3702,25323,16110,28924,7323
3014750:20045,11052,4499,17453,23779,4078,2729,24015,1670,15639
10944750:23214,6731,20045,20207,9486,143,16406,3324,28924,4499
892500:28438,8676,14661,12453,17725,16011,20045,83,19036,4499
11552750:23214,19615,16406,11000,20045,6672,15814,28924,290,5369
3849750:7910,19422,16373,27683,14914,20045,17725,17020,22029,4499
1911500:15022,8662,28438,22999,8439,23214,6672,17640,24608,14942
8100250:20045,26288,17640,4544,22552,23214,10058,3324,22908,29445
10546500:15022,28924,28438,21995,11767,6364,17020,15814,16373,2683
8172250:26485,7910,19422,3553,1666,22727,17725,878,22484,9906
9069000:20826,23214,11936,22029,8240,20045,14942,26288,28924,8662
1165500:25415,15874,8409,21930,241,20045,9369,12395,6447,7997
4317250:4694,6290,14266,26429,12132,15945,9354,23284,3584,622
11340250:8409,11176,6918,22547,11000,17640,13274,9242,3590,21672
9671750:26485,7910,19422,3553,14914,25989,23214,20045,13765,14942
11397250:22317,6364,17020,12168,13765,28855,25272,21372,29084,15639
3644250:1577,20045,9111,12453,6672,14942,4499,28924,10970,26288
11564250:15022,7910,19422,28438,14914,25989,11176,16406,17640,24608
12377250:14294,24601,29084,13274,24628,14273,8278,2353,12352,13471
1046250:14796,14942,22484,20045,6672,14887,17640,23604,7868,8662
5220750:16406,23214,19615,20045,22029,4499,15138,23604,28924,143
7034000:26288,15138,4544,19036,27033,29445,1831,6098,23774,16406
5037000:12964,5334,20826,1047,2217,21632,24825,15022,15874,28438
4770500:22482,15138,14261,24628,12606,14625,28425,4076,26758,23779
2386250:16406,23338,16110,23604,23214,28924,12977,8689,7323,15639
5911250:7910,19422,28438,20826,14914,22727,22484,25029,15022,11679
5735000:17640,22547,12220,16406,11196,3702,12394,3285,14048,11396
10477000:4834,11196,4626,27618
6683750:6731,15138,25488,12220,10680,18689,5613,14535,4970,9671
9979000:15022,28438,22484,20045,23214,15189,15352,16406,20536,24608
2138750:22484,6672,14942,20207,20045,15352,25086,4499,2683,12220
9121750:20207,25086,14942,9486,8637,15352,12352,4618,5334,3627
5865750:26722,11052,11328,11670,29381,14580,19636,18730,6665,9620
3549000:20803,20620,25212,11032,29099,11790,1691,12132,13390,6203
12027000:23491,241,2368,8409,8154,20045,29497,6364,12395,8676
7860250:4078,23779,22280,25372,23013,53,29203,11196,27092
10297000:5330,7868
8230750:5627,504,25415,4834,20826,16373,28438,21995,14661,12168
417250:14796,16406,9486,20207,290,5369,23214,22280,15352,25086
1110750:1831,6447,4078
42000:6731
3625250:2655,6820,4694,22029,8240,6290
4809750:26485,23214,3553,20045,16406,15352,2249,9548,6672,14942
10185750:11767,12168,6672,14942,23214,20536,26722,24519,18196,24486
9179500:7105,11679,7868,4336,24601,11563,12394,27092,16126,21796
4184250:2683,23214,5416,10810,768,13135,29231,24792,9894,22583
1240250:10329,14020,4544,25323,29445,10970,18075,22393,24196,26665
5264500:8027,20826,819,13483,6731,20045,12453,17437,1598,2217
10513000:26485,16373,26314,1428,20045,2410,878,15874,14153,21930
11616250:8662,6672,11176,7868,19466,14942,14796,29095,27135,11080
4063000:26288,16406,20045,4499,29445,10058,26722,4544,143,2826
1181250:22484,21681,25631,12394,15446,15189,24726,9671,26464,17214
7375000:16406,16110,20045,7323,26288,23214,15390,11176,23338,4078
8170750:8409,11679,22727,16406,11196,574,11176,4544,16110,8662
8666500:11679,11767,11196,12168,14942,17640,26722,6672,20045,24519
12384250:7560,26314,2963,2669,480,29099,18805,26722,23403,3074
725000:7910,19422,13975,21201,13238,23214,2217,14942,4913,16406
10264750:8409,20045,13244,504,16406,1577,16110,22908,7620,6672
9628250:22727,7910,19422,20207,14914,16406,574,28065,15352,20536
11716000:22484,2452,16373,241,25631,21995,29095,3324,6447,15446
266500:16406,23214,4544,26288,29445,16110,7323,12977,23604,28924
10756500:25372,12220,19514,14580,7173,2257
6977000:26485,5627,23491,7910,19422,1666,28438,20826,29497,2217
10063000:26485,3553,14942,11244,6672,11176,8662,7465,23214,4544
1985250:23491,11176,8662,20045,4499,11052,23779,14294,22547,26722
309750:22484,12160,26288,6672,16406,12394,29445,7070,4544,15189
2882750:28438,21930,15022,12168,6364,15814,11244,11767,19615,83
8129250:26722,11052,12352,21632,24825,23207,12964,5962,5334,4571
7892000:15138,19036,2655,17835,27033,1831,5738,239,7868,6098
9592500:6731,10058,9671,21865,10176,23475,259,25488,11612,15114
8195000:28438,8676,4452,6731,25240,12394,27415,24628,5998,8024
6619500:1577,2373,20045,3324,19615,23214,14796,27135,11176,28049
3581250:22484,8676,25631,12394,15189,9671,11612,24726,23475,26464
11737250:23338,8028,1831,25058,27168,24942,2610,27191,12216,5330
4658500:22547,23207,24977,22482,20338,19339,1415,2217,9250,2353
7322250:20045,10058,13274,10329,10176,8313,19523,262,22547,4499
11129250:8027,14806,15022,21995,1047,28438,29225,13483,11330,16670
9215000:17640,10106,4078,12352,10014,23779,22393,53,18196,29095
5143250:18227,6731,25488,16550,9250,24628,9671,11612,18075,4694
9438000:26485,3553,6672,8662,14942,11176,8409,5863,4544,11196
5726500:6731,20045,18730,4499,24015,6672,5416,10810,23076,768
7060500:10194,16873
139000:26485,5627,13244,20826,25415,19660,28438,504,14575,2683
4447000:19466,26288,1577,23214,20045,4544,27135,20207,2373,29445
8822250:2368,16373,27135,6731,22484,19466,12453,9111,5369,25631
1727500:11176,29547,10840,4949,21672,6203,7096,14318,28059,10726
8799750:23214,27135,28438,2373,8662,3324,4499,12168,15352,17640
9512750:16406,15022,28438,11176,23103,10840,23214,24608,18868,6918
9212500:29203
5239500:8662,23214,11176,16406,6731,12394,26722,28924,9671,27160
1459750:11767,14914,7910,19422,8409,24486,23214,11176,26722,24519
3675000:16406,11196,20045,4499,3702,143,3285,14048,24015,18275
7002750:26485,23491,3553,22484,14942,16406,5369,23214,6672,14796
472000:16406,23214,7323,28924,18730,12977,8689,16110,14261,23604
4257000:15022,14942,28438,23214,8662,17640,15352,20536,20045,24608
8435250:5627,15874,20826,14806,14942,28438,15022,6731,23214,17640
83250:17640,10014,14294,24922,14020
7830250:20979,20045,25219,22908,25323,4499,143,24015,20803,12220
9394500:23214,19615,16406,6672,20045,14796,15814,14942,28924,7868
1688750:20045,28059,20297,4078,4499,23779,20803,16609,3755,24015
8314250:20045,143,15138,4499,22400,12168,3047,2683,13118,25352
2676250:6672,8637,14942,11605,7868,12352,12220,22547,12394,22993
10818500:20826,16406,23214,21930,17725,5087,28924,15138,11612,1598
8243500:16406,23214,11936,20045,3627,23604,28924,4499,143,7323
3096750:26485,15022,3553,28438,16373,19036,22484,20536,15189,22552
8040000:5627,4834,28438,1047,13483,6731,23421,8240,20826,4626
1114000:11176,29547,15138,5267,4939,4078,1530,16406,239,10840
7494250:27117,29203
19500:8662,15022,16373,241,28438,11000,23214,28924,11196,24608
2752000:8662,6731,20045,3324,22317,6672,14796,17725,16406,23214
8248750:11263,4078,679,28641,14261,4949,11175,14294
6694750:8027,5627,20826,16373,1047,13483,6731,20045,27135,12453
4392000:20826,16373,25415,28438,14661,15022,12453,12168,15814,21995
5539250:26485,22484,3553,23214,8662,20045,16406,25631,11176,15189
10119250:26485,20826,3553,22484,28438,15022,25989,17020,11679,10106
9437500:16406,18275,23214,5863,25219,3702,25323,3285,10058,24194
11939000:15138,11176,27791,25323,9671,239,11612,29547,10840,1372
1953250:15022,28438,16406,23214,6672,23103,14942,20207,15352,9486
10229250:14942,20045,16406,6672,4499,15138,27791,12220,25323,7868
11141500:26485,5627,4834,16373,3553,504,28924,13483,25415,26314
711500:8027,12189,7910,19422,18977,6796,26973,1084,12160,17760
6301250:6672,26288,15138,10058,4544,21865,29445,8313,19523,25733
764000:5330,7868
3288750:20045,24969,4499,9486,16406,239,12541,19796,19974,143
9123500:4078,12352,22280,18002,6326,18024,29473,53,23779,29203
1724000:20045,16406,23214,15352,26288,6672,20207,9671,11612,14942
3742000:26288,8676,4544,29445,24628,11857,1831,27092,15390,6080
10713250:2729,11175
4547500:8662,20826,16373,28438,15022,16406,11176,18196,23214,27791
6849750:20045,4499,14482,143,16406,11196,239,13975,14625,27791
82250:241,13244,16373,28438,21995,12168,15022,11767,19615,20207
6258500:8676,25372,12220,14580,11176,5640,2257
6904000:27683,20045,15814,4499,6672,143,24015,11612,22126,11687
2078000:23214,20045,8662,17725,3324,11176,28924,16406,14796,15352
4047000:8662,11176,16406,23214,27791,26288,29095,9671,3702,10058
2132250:19615,8409,15814,18275,12168,16406,5863,20536,25989,22552
10598500:6364,20045,11767,3324,23214,11176,14796,13765,17640,2249
9720000:25488,28653,10058,11612,10970,8689,21865,23475,259,15114
3781500:26485,3553,23214,20045,3324,16406,28924,4499,29095,6672
5899750:26485,23491,7910,19422,20826,3553,6364,9120,14914,22908
8529750:2683,18002,6326,17429,19993,19113,3553,16624,17577,13020
4620000:1666,1577,12453,504,13765,11244,11196,19615,11679,16406
9163000:14942,23214,16406,20045,6672,28924,12220,4499,7323,27791
887750:241,8662,15022,28438,14796,11176,14942,24608,20045,23214
10619000:11767,15022,12168,23214,28438,16406,26722,23103,17640,10840
5256500:6672,8637,14942,12352,11196,22319,647,679,1008,1591
2968250:26485,14942,3553,14796,23214,11176,8662,6672,17640,15352
10234000:21681,6731,15365,7868,4545,12431,13588,12164,4307,20902
6874250:15022,7910,19422,16373,25352,14515,3904,11767,28438,14806
1724250:20045,143,5087,4499,24015,6672,23076
2975500:14942,1047,23214,20045,20595,2322,10038,8662,4499,15352
11613500:15022,28438,17640,6672,14942,14796,23103,15352,27458,22993
6807250:23214,8662,8676,20045,11176,14942,28924,16406,6672,4499
5901250:6672,14942,20045,7868,4499,8637,7323,23214,143,24015
4421250:23491,7910,19422,20826,25415,21930,20536,28438,14914,15022
12388250:16406,23214,8676,20045,12220,28924,4499,9671,11612,16110
5959000:22727,16406,20207,20045,23214,5087,28924,4499,25086,9671
11121500:26288,20207,11000,20045,29445,25086,4544,11612,4499,15352
11947000:27415,11280,23604,14806,23207,21995,14902,24780,18946,29547
5769750:10329,26754,22547,2669,25323,14020,1598,21672,23403,22393
11158000:8662,4452,23214,20045,6672,29095,11176,16406,28924,14942
9694750:16406,23214,21681,16110,7323,23604,28924,2033,12055,12977
4059500:16406,23214,7323,28924,12977,18730,23604,19475,15639,24628
10393750:2257,11196,16406,18275,3702,11624,20411,3285,4571,14048
7163250:13483,20045,12168,8662,2683,14942,16406,6672,23214,14806
2988000:8409,17640,20045,4499,6672,17453,26722,24015,11687,5210
1338750:20207,29095,9486,25086,20045,3324,11196,4499,15352,2683
1622500:8027,15022,28438,23214,16406,27625,5087,27458,18868,22552
3892750:26485,20045,5883,25989,11679,24969,10106,17453,5369,25219
9802000:25488,9671,11612,8689,1392,21110,259,23475,15114,3719
8149250:14545,20826,27791,21865,628,5615,20955,5377,7086,707
8528750:2217,23491,8409,4834,20045,18196,4626,22908,8662,1530
7785250:11679,15022,19615,28438,12395,11196,15814,22317,7323,8860
10052000:12220,18075,10680,2655,6820,4694,22029,8240,6290
12065000:26485,5627,16606,8738,22727,15022,14712,22484,2217,3553
12142750:16406,23214,21681,16110,11176,25488,17725,27791,28924,23604
8070000:14942,6672,20045,143,201,7868,15446,1700,3627,12352
2033500:8027,819,8676,14942,23214,20045,16406,14161,20207,13112
9973000:26485,3553,16624,20045,15478,26308,24541,1335,24831,24274
8346250:16406,15814,23214,19615,23779,7323,4078,15446,28463,28855
10774750:6731,20045,26288,23214,28924,15138,11196,9671,1700,11612
6061250:10840,25323,14020,24358,22393,24081,6672,1598,24196,18075
4025000:26485,7910,19422,16373,1047,21930,28438,11936,17725,20826
2480750:9111,28653,11176,16406,16110,11000,28924,23214,15138,26973
7269250:26288,6672,16011,11983,4544,29445,12394,14942,12220,11080
3304500:1831
9015000:6672,18196,26288,15138,14942,7868,5267,4544,4939,15390
6900500:11196,23491,8154,25372,23656,15534,20979,15138,13431,21565
6754250:23214,6731,6672,26288,16406,14942,28924,13274,25323,4544
10224750:22484,19615,25631,15814,17640,16406,15446,18275,11196,7868
3310750:8027,16406,819,23214,11936,20045,28924,4499,20207,2257
11631250:504,13244,17606,8409,19615,22029,19431,10136,6326,5845
5110750:15022,8662,16373,28438,16406,6672,9111,14942,24608,10058
8385000:9671,11612,25488,8689,2353,13471,5848,23475,259,15114
10840750:16406,23214,20207,2683,9486,20045,28924,4499,15352,25086
746000:22317,14942,16406,9111,6672,6364,20045,28924,23214,13765
599750:6918,16406,21490,26288,17640,12220,13274,10058,23214,9671
1449250:5627,7910,19422,25415,19660,1047,4834,28438,15022,241
4921000:20045,143,4499,9671,11612,6672,7868,23475,259,15114
4716750:8689,12168,5863
5407750:12168,8676,2683,23214,28924,13483,14661,12453,16406,3324
8280500:2257,14294,11052,20045,4499,1530,21110,9671,11612,14273
9103250:14914,7910,19422,8409,241,20045,16406,22484,14796,9111
3734250:25029,19862,20297,16406,6672,7323,11983,28924,14942,23214
9839750:23214,14942,11176,12168,6672,20045,26722,10840,17640,20207
11494250:20826,23491,22484,16373,1577,2368,10106,25219,6364,18977
11307500:16406,23214,28924,16110,9671,11612,12977,15639,7323,25488
984500:1047,17640,11767,6364,20045,3324,12168,23214,13765,6672
5440750:16406,23214,24196,12977,27637,7560,22439,11858,11857,22032
8096750:15874,23214,16406,5087,28924,17725,7323,19113,16624,17577
10057000:374,29445,25989,26288,4544,12977,20620,25212,27117,11032
8271000:20207,25086,19466,9486,2373,11080,23251,27135,15352,9671
439000:11767,12168,15022,23103,28438,5334,25372,24608,7611,20338
8649250:16406,6731,25989,16110,23604,22484,15138,25631,15189,20620
6003750:16406,23214,12964,5962,5334,28924,15138,13971,23604,16110
12234750:18075,23284,10058,21092,16564,8313,19523,4534,26426,5995
10799000:23491,8027,819,16373,4834,13483,28438,15022,6364,5087
2891500:7910,19422,17640,14942,14914,23214,1280,20207,16406,6652
6354500:23491,8409,8154,11196,6364,20297,13765,13431,12168,10136
3295250:16606,8738,23491,4834,28438,7910,19422,16373,14712,23492
11894500:9111,28653,20045,18002,6326,17429,454,2353,13471,10970
11220500:22727,20045,20826,6672,22484,15446,4499,11000,290,5369
5697750:26485,7910,19422,1666,3553,22727,4544,14914,12453,2217
1934750:8662,23214,16406,26288,28924,22908,7323,9671,4544,11612
3350250:20327,17772,24459,18202,14935,9242,6682
2322750:12168,19615,24194,3393,143,22029,25488,7680,25323,9120
776750:20826,16406,5087,23214,28924,15138,9671,949,26754,5372
1767500:16406,23214,28924,28855,9671,11612,16110,259,23604,10970
6571000:8676,20045,143,26722,24015,6672,7868,27509,23076
10588000:6326,17429,14294,6918,8278,19974,13274,10329,6352,11563
8160750:6672,14942,7868,8637,25989,4078,12352,20620,25212,6652
6957500:26722,11052,28438,6820,8240,25240,24628,18075,14261
5642000:7910,20826,19422,1666,13483,5474,13585,23847,13975,17540
6247250:2683,2257,27683,201,19993,15446,16011,17725,27791,15639
1459000:26485,14942,3553,6672,20045,25086,20207,10840,15352,4499
5465250:26485,23491,3553,11196,8154,11078,290,5369,13431,23143
8215250:21995,19660,15022,28438,26314,241,16373,14796,12189,28049
10885750:23491,241,2368,28438,8154,29497,1428,6364,8409,20826
6852750:16406,23214,15138,22552,10058,7323,9671,28924,11612,21865
8861500:13244,504,16406,25989,7323,23604,24977,5267,7620,16110
7116750:20207,16406,23214,20045,28924,11176,18196,4499,15352,25086
10539250:10329,12352,22393,2729,25323,10404,2610,21672,1831,13554
8628250:4452,6731,16011,15138,23284,24977,239,16406,25117,5372
2316250:29095,20045,11000,3324,4499,23214,14796,28924,16406,18196
2428500:12220,3740,10680,24977,25117
11711250:23338,25260,25488,7990,12216,6092,10247
2807500:6731,14575,10680,23284,21092,22482,5640,14470
11527500:8662,15022,16373,28438,6731,14942,14796,15814,19615,25219
10312750:8027,23214,20045,14942,16406,28924,20207,819,12220,25323
11984750:8027,7910,20826,19422,819,13483,628,5615,7086,707
9842500:8027,14942,819,20045,20207,6672,1598,25323,9671,3627
11503250:10194,16873,5640
4215750:8027,26485,5627,4834,16373,1047,3553,6731,12453,22727
11683250:20045,14796,26288,15138,4499,10058,9671,11612,25323,12220
6067750:1047,22484,20045,12453,17020,6364,2249,83,8860,10106
5994250:29099,3723,2683
7184500:5334,22489,21632,24825,9651,2176,11225,743,12762,17450
9651250:7910,19422,20826,14942,20045,11767,14914,12168,2128,13765
236000:26288,2655,4544,4078,15390,7868,3720,5372,27092,239
8848250:241,15022,23214,28438,14661,12453,14942,574,16406,27458
2688750:15022,16373,1047,28438,27135,8662,15814,15352,11679,19615
8033500:2655,4694,11578
7893250:11176,14796,8662,23214,7323,28924,16406,10840,20648,16110
10979500:26485,14647,1666,19660,3553,1428,2217,16373,13244,19862
8017000:26485,17606,3553,17760,22052,4366,2655,1530,29363,9671
1047000:16406,4939,12220,11196,24977,5267,3702,11624,8278,22547
4625750:19615,23214,15138,15814,16110,24601,4544,25488,28924,29445
7703750:8662,20045,23214,14796,17725,4499,16406,14482,10058,13274
12204750:23491,11196,8154,22484,16406,9111,12329,22087,11176,17640
6571750:7910,19422,16373,12168,13483,28438,15022,20826,11679,2373
4533750:19962,15911
10069500:7910,15022,19422,16373,1047,28438,12168,13483,11767,11679
11111500:12220,22547,12394,27508,24385,14261,16550,18251,1642
7797000:28425
3149000:26754,1428,22993,5267,1598,6599
5012750:8662,23214,16406,11000,11176,28924,25329,7323,23604,3702
9035750:8662,20045,16406,15814,23214,18196,19615,28924,26288,6672
10927500:19615,17640,23857,8278,7868,27625,6918,13274,24541,2945
4922750:16406,23214,20536,6731,28924,7323,26728,12977,16110,27791
1528500:22484,16406,25631,16110,15446,23604,23214,15189,24726,10058
5742000:14526
2557000:7910,19422,21930,20045,20826,11767,15352,11244,12189,22484
2006000:26485,4834,28438,504,23491,17020,21995,8154,4626,22029
5751500:8662,15022,28438,3324,4499,6672,14942,16406,24608,10058
203750:26485,1666,23491,3553,20045,8409,14942,19036,25219,504
8072250:23491,23214,15138,24628,1530,23604,7323,8154,28924,23403
6523250:26485,241,14796,3553,22484,25631,20648,23214,4078,15138
11794250:11176,22484,8662,4544,26288,20045,9111,26722,29547,4499
6848750:14294,6868,1972,3273,21110,15874,10014,10157,5640
3257000:28438,23214,20045,14942,25240,4452,17640,15352,14796,6672
6257000:26485,8409,3553,16406,20045,27683,5863,4499,14261,16110
11283500:26485,20045,6364,3553,8409,17606,4239,2128,13765,21593
3075000:16110,1047,20045,11396,21815,4499,17640,17453,19814,21110
10642000:8027,1047,23214,20045,20207,16406,16011,26288,6672,819
2476250:11196,10329,16406,12352,18275,14020,3702,11624,25323,3285
4004500:15022,16373,22484,28438,16406,25631,3324,27458,20207,24608
10309250:2368,4452,14242,26288,6672,16550,20536,11196,16406,25323
8573000:8662,16406,3324,26288,20207,9486,11176,12394,15352,5334
1641000:22484,21930,25631,12394,15446,15189,9671,11612,24726,26464
5655250:13483,20826,1047,3393,19036,20045,12453,27033,24969,8860
9513250:25415,12168,16406,2683,15022,23103,28438,201,23214,7323
6250250:504,20045,5883,25989,17725,11060,25219,20536,6326,26288
4902250:16406,23214,12977,16110,7323,23604,28924,26722,8689,17118
9906500:8027,819,17640,20045,20207,23214,16406,8662,12964,5334
7699500:20826,16373,1047,28438,15022,6731,241,14661,12453,3324
8940500:20826,15022,28438,4728,8690,23214,5134,2960,16097,17725
12331000:12352,12329,18024,29473
11747250:20045,3324,17725,16406,4499,10058,6672,11176,9671,23214
2168250:16406,12964,5962,5334,7611,27791,13971,10151,23214,21681
4814750:5627,13244,20826,25415,1666,6364,20045,2368,21995,19615
12154500:8027,5334,20826,20338,19339,2217,1047,21632,24825,14796
5155750:2368,16373,20045,4499,16406,6672,23214,3324,6480,25323
1629250:2655,22547,14261,4078,16406,9250,2367,239,3720,28425
6299000:15022,28438,8662,22484,2373,11767,3324,15446,19615,15352
2823250:241,11176,16406,23214,12220,25989,16110,10788,28924,10840
8617500:20207,16406,23214,11176,12394,9671,11612,23604,9486,15352
12004000:18075
11687000:20207,12160,25086,20045,143,4499,2683,3627,7070,11679
7886000:6672,7868,8637,14942,12352,8024,9486,6652,15138,4949
10578000:6918,8278,16110,13274,15138,11080,9548,2655,239,14261
11300000:19615,16406,20045,11000,15814,23214,14942,6672,17640,4499
7383000:26485,15022,1666,23491,3553,28438,2217,22727,13244,878
2076000:25415,26404,20045,23251,143,24081,20449,6672,4499,23076
11612500:6731,22482,23779,4078,53,25117,9250,22280,13975,23284
5999000:241,16110,14914,7910,19422,1047,22484,25631,10788,15446
8745250:24358
9946250:504,25989,11176,6364,9111,12168,5267,28653,10970,13765
9278500:26485,23491,2257,3553,4544,20045,11196,26288,18196,4499
3787750:11176,29547,10840,4949,21672,6203
11772000:11080,20045,23251,14580,143,6672,7868,4499,26722,11687
7657250:2655,15138,23656,21565,9120,239,13390,4078,5372,16564
4963500:16406,25989,25219,4694,20620,25212,23604,7323,11032,12977
4880250:11052,4078,11263,11612,22280,23779,25488,23475,259,53
3954500:26722,11052
1118250:16406,23214,28924,16110,7323,9671,12977,11612,15639,8689
1365000:7910,25415,19422,23214,19615,29445,14914,15814,3324,15019
11646500:6918,2249,12394,22547,16406,239,24385,15138,27508,647
5467250:20045,143,4694,22029,8240,4499,6672,17453,27117,26722
7918750:20826,28438,15022,20207,3324,15352,9486,6672,20045,24608
7450000:26485,23491,20826,16373,3553,28438,15022,1047,25415,12453
252500:19615,15814,11176,28065,13274,1700,15138,14182,28626,25323
12173500:20207,25086,2683,9486,9671,993,11612,15352,259,15114
4133750:7620,23779,10680,13975,2353,13471,4078,21201,53,1147
11078500:26485,20826,3553,20045,8662,12453,16406,25219,11176,13765
6412250:23338,25488,10329,22393,25323,14020,14482,22314,12352,26665
1758250:23214,16406,6672,20045,14796,3324,14942,7868,14887,4499
3010000:26485,14647,1666,19660,3553,504,8409,17020,13244,1428
3312500:23491,22547,23338,12220,14261,25260,24385,27508,2963,25488
10185000:26485,21995,18196,3553,15022,28438,11767,22029,11679,10106
8324500:11679,11196,26288,20045,4499,13274,9671,3324,11612,11060
380000:26485,16406,22317,3553,25989,23214,16110,7323,23604,22908
8216750:16406,23214,4499,4544,10058,9671,29445,143,11612,23403
10261750:24628,16406,29381,19636,6731,20045,26288,15138,10058,13274
6458500:26485,13483,7910,23491,2217,19422,819,1047,241,3553
12239250:9671,11612,8689,21110,259,5955
11362000:20045,143,4499,8028,24942,27168,25058,24015,6672,12964
2788750:5627,16373,1047,27135,1666,13483,20826,20045,28924,12453
6848000:26485,3553,20045,16406,4499,290,5369,9111,11000,10970
12015250:5627,23491,1047,16373,20826,4834,21930,25415,28438,4626
10816000:2128,12220,19993,10106,9120,1530,24601,12352,11176,4220
7445000:26485,23491,7910,19422,3553,20045,14914,16406,8662,25219
6780500:22484,14796,16373,1047,14942,19466,27135,23214,6672,8662
11957000:27791,16406,12220,23214,28924,16110,9671,11612,23604,7323
9199500:26288,6918,16406,8278,3702,13274,15138,11196,20411,3285
4680000:504,20045,13244,2249,2128,11176,23338,22908,25323,6299
39750:7868,1428,22993,15446,14482,22321,12220,21110,6599,6880
5238000:15022,16373,28438,23214,8662,17725,3324,17640,18196,11176
10654750:25989,9111,23284,20620,25212,10970,10058,11032,21865,20803
11167500:4618,5334
1906000:16406,23214,12977,16110,7323,6820,23604,4694,22029,8240
11734000:20045,143,4499,6672,26722,24015,11687,23076
9782500:8662,16373,19615,15814,23214,12316,16406,6672,17725,3324
11535500:26485,16606,8738,14712,1047,2217,23492,1666,28438,25631
6713250:8676,20045,15138,11080,12220,9671,11612,239,16808,22864
5292000:26288,6672,29445,7868,20045,14942,4544,4499,17060,143
6872750:23214,20207,16406,15352,15138,4544,9486,15390,29445,9671
7715000:4452,20045,143,4499,6672,26722,11687,12964,5334,23076
745750:8662,20045,14942,15814,14796,6672,11176,4499,16406,28924
154500:8027,8676,23214,11936,24628,20045,16406,17118,11578,10176
12016750:22484,25631,19615,15814,12394,15446,15189,29547,24726,26464
10609250:3723,10058,21865,10176,8313,19523,262,21092
6205000:21092,8689
7976750:2368,16406,8676,11196,3702,3285,14048,12394,18275,11396
8757750:20207,25086,2683,8689,3627,21110,993,15352,21796
7286500:12168,13779,574,26288,25770,9471,4544,22523,29445,4618
10095000:16373,15022,28438,15814,3324,8662,19615,4499,23214,11244
11936000:16406,12977,16110,7323,18730,23604,8689,15639
2364500:20207,19615,1428,15814,11396,25086,2683,22993,9486,7868
10715500:26485,7910,23491,819,1666,19660,374,8027,19422,29497
448250:19466,27135,2373,14482,4571,10329,8719,25488,18741,7868
8111500:15022,8662,11767,28438,17725,11176,23214,12168,23103,15019
11625250:16406,20045,9111,11612,17453,4499,259,14294,22908,2249
8163500:5627,25415,20826,1047,14796,2960,26742,2942,259,12168
3001000:26485,5627,25415,20826,16373,1047,3553,21930,28438,13244
12015000:19974,22993,5185,10970
11558000:1831,14261,23779,24628
969750:14914,7910,9111,19422,16406,4544,29445,16110,23214,23604
8949750:18491,22547,11176,14261,23338,10840,29547,12220,24385,27508
10966250:22484,20045,3324,6672,290,5369,4499,29095,15189,26754
7588000:15022,14942,28438,8662,22317,9486,6672,23214,17725,6118
8508750:26485,8027,7910,19422,819,374,19660,1666,22727,3553
10592750:15022,2368,23214,28438,6731,18868,15814,16406,3324,28924
4256000:11000,25329,7096,10058,21865,19166,24070,8313,19523,262
5962750:16406,23214,6364,26288,7323,17640,14294,17453,13765,21110
371250:6820,8240,12220,20338,19339,4694,2217,7354,28230,335
4454500:25488,9671,11612,21110,23475,259,15114,21092
10696000:16406,12977,16110,18730,7323,23604,28924,8689,1415,12220
7345250:22317,6672,26288,14153,290,5369,25770,9471,14942,20536
10492250:28438,1047,4834,13483,20826,1577,4626,12453,16011,8860
2187500:16406,23214,12977,16110,18730,7323,23604,28924,8689,15639
3288250:15022,12168,11767,28438,23214,8662,2368,3324,28924,15352
2940000:25415,20826,25618,2605,7692,7955,11604,29531,24805,5324
3410000:26485,22484,3553,25631,11052,6364,3627,17020,4078,17453
8216500:8027,5627,16406,21681,25631,22484,5087,17725,15446,819
7476250:15022,12168,16373,11767,28438,3324,23214,19835,16406,26722
6155250:12220,11679,18689,7552,5613,14930
9394250:13975,21201,13238,23214,12705,28008,29022,16406,6731,20045
4631250:12395,2368,11196,16406,26288,3285,20620,12394,29445,25212
3799500:16373,25488,6352,11612,8689,21110,23475,259,15114,3719
5293250:24358,21995,11080,24780,18575,24792,18024,9894,23793,3627
1086750:12964,5334,11767,22489,20338,19339,21632,23770,22879,7820
5261000:16406,23103,28438,4499,27458,24628,2257,20045,24015,143
9352750:24385,22547,83,23928,11793,12220,27508,8816,5185,7400
4886500:7910,19422,22484,20045,8662,12168,11176,16406,14914,26288
7003500:241,23491,8662,1047,14796,28149,22317,6672,10970,4336
4501000:26485,25029,3553,19862,15138,21672
5052000:2128,17640,14294,24922,12964,14020,5962,5334,16550,10014
3511000:16406,5613,14930,23214,28045,24788,17013,7113,22279,23826
9173750:15022,241,8662,28438,27513,569,1260,15309,15063,28458
3861500:20826,11767,28438,12168,20979,7323,15022,26722,23103,201
1838750:23491,4834,15022,28438,18868,22484,4626,23214,11196,14942
11440500:17640,23214,7868,16406,16110,23604,15138,9671,239,25488
4118250:23928,22280,13592,4618,8816,5334,11793,1222,6602,3457
7787500:11176,23628,9838,29547,10840,16406,259,17453,4949,14261
8051750:8662,26288,3702,6918,13274,22908,3285,16406,25323,11196
11313000:8676,29203,27019,14119,2826,17087,1182,554,3740,3458
