2350750:8662,11176,26722,14020,9671
7269750:22484,16406,25631,15159,15446
6572500:20045,17725,10106,8662,2249
11751000:25029,19466,16406,25631,27135
8555500:2128,29099,27514,17453,12220
425500:5627,7910,19422,16373,2368
4853750:1577,14942,2899
5980500:25415,11767,12168,241,19615
4256500:16079
9039750:1047,16110,17640,7323,21815
4115500:9111,1577,25989,22317,17020
6264750:22727,1666,7910,19422,8409
591750:11767,17640,21110,10329,20045
3404000:16406,23214,12977,16110,11000
7149500:22484,25631,12394,15446,13070
7367000:8662,16406,11176,11000,25329
4956000:15022,28438,3324,11679,8662
7927750:23421,1831,9671,11612,25488
4606000:16406,23214,25631,22484,23604
145750:2257,22484,4544,26288,25631
10443000:20826,14942,8676,8662,23214
1710500:2368,8676,23214,14661,20045
9706000:22727,8676,4452,26754,6828
3913250:22482,26973,14261,24628,24977
12008000:25415,8662,15022,18196,23103
9351750:15022,28438,3324,22484,16406
4195500:4544,29445,9671,1530,11612
1194750:12964,5334,16406,4452,23214
5108000:5627,20826,25415,1047,15022
1617250:16406,12220,23214,26288,28924
10018000:26485,3553,23214,20045,8662
8145500:26485,241,4834,2217,21930
567250:1666,23491,1047,20045,3324
12371000:16406,16110,15138,10058,9671
6867750:1666,23491,13244,8409,504
1319000:15138
1832000:25415,11767,15022,12168,28438
3188000:22317,19615,20045,25989,15814
8430000:7910,19422,20826,28438,15022
29750:26485,14914,7910,19422,20826
980000:8662,15022,25415,16373,18196
3249250:23214,8662,11176,20045,16406
6099250:18075,4220,13975,7611,27791
10047250:15138
2050000:15138,4078,2655,16406,12352
861250:16406,23214,11176,25989,10840
10533750:16406,6672,14942,7868,9111
10915250:6672,8662,11176,14942,11396
6458000:21110,28177,11652,3228,15138
4557250:26485,20826,16373,11767,3553
405000:16406,20045,11176,23214,4499
1815750:22484,6672,14942,20045,4499
1971500:16406,22246,28924,15138,16110
5170500:20826,28438,15022,3324,11767
5354000:16406,20207,22484,23214,6731
5915250:22547,23273,16396,14261,12220
7016500:16550,12220,28425
3335000:12395,19466,27135,20045,2373
12215000:8027,20826,23770,22879,21632
9202750:19466,27625,27135,14661,11176
10302500:16406,23214,12977,16110,18730
3114000:18227,25488,18075,23207,9671
452750:18196,23214,14942,20045,16406
9716500:20045,4499,6672,29084,143
8869250:16373,11767,12168,20045,3324
6126750:6672,29445,14942,16406,28924
8909750:7910,19422,16406,23214,11176
1579250:2368,16406,3702,11196,26288
764750:22484,20207,29445,25989,23604
2910750:26485,241,2683,23491,1428
12417500:26485,3553,14942,6672,10970
8156500:18075,14625,4913,14227,28059
3245250:26485,14647,20826,1047,3553
4423500:3723,10058,21865,8313,19523
2253250:20826,14942,6731,6672,24358
6766250:16406,23214,28924,15138,24628
11632250:26485,3553,16406,23214,20045
3215500:11176,10840,4949,6203,7096
200250:26485,15022,27135,28438,3553
3168000:20207,9486,5883,2368,3627
11493000:22484,12964,5962,5334,25631
9079500:7910,19422,16406,22317,14914
8730250:20045,15352,16406,6672,8662
65500:2217,21930,12220,15138,9671
6515500:16406,23214,20045,143,16110
832250:8662,23214,11176,16406,14887
10054250:24628
4503500:17640,23214,12168,16406,2249
11142000:11679,18196,11196,20045,17640
4376250:14942,23214,15138,20045,20207
747500:19660,28937,26314,13244,20045
10521000:12964,5962,5334,4571,7611
1561250:13483,20826,23214,27135,2373
5812000:20826,22993,1670,17453,18977
2182750:16406,23214,12977,16110,18730
190500:26288,16406,29445,15138,15390
10401500:16406,8676,4452,23214,7323
1173500:12220,24977,1831
2733500:15022,13244,12168,16406,23214
3588500:16406,504,6731,23214,20045
282500:20207,16406,3627,25086,11196
5987000:16110,1047,21815,3627,19814
887500:26485,14647,7910,19422,20826
10322250:20207,15138,2683,25086,9486
7483500:6731
3148500:26722,14625,11431,28411,23549
11169500:23491,11196,21681,8154,22482
47000:29099,27514,12688,24503,3590
848500:15022,23214,28438,15138,21681
3293750:16406,23214,16110,23604,28924
341000:5627,15022,28438,28924,14942
5139250:20826,15022,28438,19993,14661
6654750:20826,25415,29381,19636,2176
5957500:16373,11767,23214,6731,20045
4475750:5627,4834,8027,16373,1047
7190750:14942,19466,6672,2373,7868
3524750:18196,9671,11612,25488,23475
12231250:16406,15138,20045,16110,143
1441500:26288,4544,29445,15390,12977
11949750:7868,4336,24601,5680,17020
7320250:26485,11679,7910,19422,16373
3009000:8662,15022,28438,3324,22317
2331750:11052,27791,9671,11612,25488
4907500:26485,8662,16373,3553,23214
12061000:26485,23491,3553,20045,12453
1627000:26485,15022,3553,28438,21930
2251750:12168,23214,16406,6672,6364
382250:23214,20045,3324,20207,8662
5952250:22484,6672,14942,20045,7868
239250:20045,20207,11196,17640,4499
4804500:374,7910,19422,14914,527
9044750:19466,20826,1428,14796,19862
4189500:241,16406,12220,23214,11000
5199750:26288,12220,4544,2128,29445
3952000:16406,12977,23214,8676,16110
2756000:25488,9671,11612,8689,21110
140500:23491,15022,28438,29445,22484
11496750:17640,20045,143,4499,4336
71250:26485,16373,3553,28937,20045
7600250:15022,7910,19422,16373,28438
2704750:15022,2368,28438,26288,8662
232000:12964,5962,5334,4571,7611
415500:26722,22484,11052,26288,4544
528250:8662,5863,11176,29095,12168
3226500:16406,20045,26288,23214,4499
1189000:26485,8662,3553,4452,11936
4378500:26485,22727,3553,18196,20536
7211250:22727,2368,16373,1047,2217
5754500:22484,26288,20045,19993,10014
7810250:22484,21930,22317,20045,6672
7513250:23779,22280,53
3520000:8676,23214,6731,15019,1577
4852000:16406,23214,16110,28924,12977
5027500:20045,26288,4499,4078,15138
1517000:16406,16110,18730,7323,23604
8622000:12352,25488,25323,11687,9671
3396250:20536,9111,20045,23214,17640
8353250:16406,23214,6918,26288,21490
8123500:7868,6672,17640,11080,14942
573000:6672,14942,12352,8637,10058
8910750:8676,11196,4220,13975,15138
299750:14942,8676,8662,23214,6731
1969000:11767,15022,21995,16406,12168
5011500:26288,12168,19036,4544,27033
4035250:16406,20045,11000,4499,23214
12275500:8662,11176,20045,11196,13274
10831750:1666,374,2368,6672,12160
3363000:16406,16373,6918,6352,23214
2874500:13483,2683,27791,16406,12168
1531250:16818,16406,8676,17438,23214
4054000:1666,16606,8738,24831,6672
2103250:15874,14942,23214,16406,6672
2232500:15022,28438,16406,3324,24358
5279750:26722,8676,14661,12453,29445
1812000:23491,15022,28438,23214,8662
5828250:23338,5330,24196,15315,20297
6233750:17640,25989,9111,28653,20803
11761750:14796,15138,16406,23214,11176
4186500:26485,20826,22484,23491,3553
2797750:11396,11080,20045,23251,12795
9420500:26485,14647,1666,19660,3553
9794000:241,12220,16373,6352,16110
6266000:26485,14942,6672,16406,3553
5059000:9671,11612,25488,8689,21110
7103000:2683,19993,8676,10329,1372
2626250:25415,23214,26404,20045,7323
9685000:25488,9671,11612,8689,21110
11225500:16406,23214,16110,7323,12977
4370750:16110,16406,23214,11176,15639
8523250:20826,16373,28438,1047,15022
9244000:12964,5962,5334,22489,21632
8102000:10329,24385,22547,22393,19974
6150750:12220,15138
8633500:4834,11196,29099,4626,27514
1904750:12168,6364,20297,13765,29099
6412750:16406,16110,23604,25488,28924
9463750:26288,4544,29445,15390,2826
9076750:23284,13975,15138,11263,16406
11352000:241,22484,20045,3324,23214
1782250:16406,20045,9111,25329,28924
11782250:504,12160,28438,11176,8662
4852500:15022,28438,23103,3702,20979
1074500:26485,16406,15022,3553,23103
5320000:12220,15138,16406,10680,3702
64000:20045,143,4499,6672,7868
11874000:22317,22547,14545,11176,5863
7218000:5627,16406,6731,28924,23214
11022500:6364,12168,11396,9111,8409
11579750:16406,20207,23214,25086,28924
10790500:15022,16406,23214,28438,21930
3272000:20207,2655,12220,3627,15352
8327250:3324,22087,15138,11000,10058
3089500:23491,11196,11679,8154,17640
5248750:8662,15022,16373,28438,17640
5608250:26485,16406,3553,4544,6731
4399750:26485,20045,3553,3324,878
2616250:11176,8662,2655,20297,14265
3795000:22484,26288,20045,16406,10106
2768250:2655,15138,4078,27791,16406
8701250:16373,23214,16406,20207,20045
7921500:22317,20045,5863,6299,22547
3344750:11679,20045,143,4499,6672
11601500:26754,1598,23207,9250,28425
1699500:11679,11196,16406,20045,11176
5948500:26485,7910,19422,3553,504
11321750:11052,12220,27791,4452,16406
5780000:5627,27683,12453,2249,28149
11701500:6731,28425
6897000:6827,24628,11790,12132,23538
3981750:16406,23214,26288,8676,5087
9344000:5640
854250:23214,20045,16406,28924,4499
3326250:20045,6672,23338,25488,9671
8702500:26485,15022,241,3553,28438
9488750:20207,22727,11196,25086,14294
1324500:12964,5962,5334,20045,143
6140500:374,7910,19422,14942,14914
4304250:5627,20826,15022,28438,15814
5068750:13244,4078,23779,22280,25372
4994000:16406,23214,16110,7323,23604
10566000:12964,5334,20338,2217,6672
6634500:7868
5336750:2373,20045,3324,16406,25219
3282250:21995,14942,20045,22484,8662
981000:5627,16527,28225,20826,1047
4336750:16406,8409,23214,28924,8689
10064500:11196,23491,8154,20045,18575
1244250:16406,23214,12977,26722,16110
2737250:241,16373,8662,20045,15814
6458250:26485,504,3553,6364,2368
6998500:17640,20045,15814,14796,23214
11535250:13483,11767,12168,2683,20045
6172000:15022,28438,16406,25989,11176
1525000:20826,1047,241,28438,15022
4844000:23214,8662,28924,16406,13274
1492500:23214,20045,11176,8662,3324
3035250:7910,19422,23491,20826,16373
731750:16406,15022,23103,28438,7323
7545250:16406,26288,23214,20045,12220
10972250:15022,21930,28438,18868,23103
10628500:14020,25488,9671,16564,10058
2148250:1666,9111,22246,11000,22482
11391250:22484,25631,11176,12394,1428
2088000:16406,23214,20045,16110,7323
7687500:8676,17725,11196,16011,15423
5024500:23214,20045,22029,8240,5087
5034000:16406,20045,4499,23214,17725
4073250:16406,23214,20045,28924,3324
2200750:20045,3324,29095,4499,17725
7854500:26485,3553,11000,20045,3324
4087750:13971,21995,1047,7910,21930
317500:15022,11679,28438,14942,17640
1446250:15022,8662,28438,23214,16406
9782000:25488,11612,10058,259,3723
5491500:374,1666,6731,23214,12395
6014750:14914,7910,19422,14942,6672
4782250:14796,6672,23214,2683,9486
4850000:22484,8676,20045,25631,4499
4153000:2368,16373,16406,20045,3324
11339250:19615,7868,15814,14796,12352
620500:26485,15022,16373,3553,19615
7306250:16406,11936,4694,16110,20045
11137750:16406,23214,6918,14796,29084
4037500:17640,17453,4336,7868,24601
3895750:20207,20045,1577,17640,3324
5082500:26485,7910,19422,16373,23491
6768000:26485,23491,15022,3553,22484
69500:13483,2683,12168,28924,21930
2808500:26485,23491,2217,22484,16373
364250:26485,16606,8738,23491,13483
10000250:4220,13975
8845250:22727,11605,1428,21681,2257
2852250:11052
650750:23491,11679,8409,11176,11196
10976250:16406,23214,6731,7323,28924
6700250:5640
6380000:26485,23491,14914,7910,19422
12386500:26288,4544,29445,28065,15390
10773000:7910,8027,19422,10338,22999
11131750:26485,3553,23214,8662,11176
12028500:5640
11847750:29099,17453,25219,12394,4336
805750:22484,20045,14942,23214,16406
1530250:15022,23103,28438,18868,25733
5254500:201,8676,16406,5334,17725
1838000:23338,24196,5863,8689,1530
9807250:12964,5334,5962,12352,24825
7143250:21681,9671,11612,8689,23475
1140750:8676,6731,27791,9250,5738
4097500:20207,15138,2683,2655,9486
3903500:8662,5883,11176,16406,17725
3963750:28924,11936,14575,8662,20045
6683250:20045,10329,4499,143,12220
5693000:26485,8409,3553,25989,20045
11114000:26485,22727,3553,16406,17020
6358500:11196,5627,23491,12395,8154
11730000:10718,12040,26894,22319,23697
3552000:22727,241,2368,1428,2217
1909250:10194,16873,1831,15138,17429
5910250:26485,18196,3553,4078,22908
10592000:20826,16373,1047,25415,13483
3054250:8662,20045,11679,11000,11196
1381000:15138,6731,5087,22547,3723
6400000:15138,23214,26288,4544,25488
6564500:5627,15614,15959,1211,20826
5082750:18946,9549,27509,3723,10058
3031750:26485,5627,14647,28438,7910
4259500:26485,15022,16373,3553,27135
10653250:8676,2669,6731,15138,4078
7435500:15022,16373,1047,27135,28438
6603750:16406,23214,20207,26288,28924
691500:2368,22727,1047,21930,6731
38250:25488,9671,11612,21110,8689
2771250:2683,14261,24628,21747
9288000:241,26314,20045,14796,480
1247000:8662,27135,20045,2249,2373
3684750:8409,23214,16406,7323,28924
3317500:3723,10058,21865,10176,8313
7898750:11767,12168,14942,6672,20536
2870250:12220,8676,4078,561,15089
8997500:25415,12395,20207,17640,26404
7323750:26485,1666,8409,20045,13244
3573750:23214,22484,20045,11679,3324
9972250:26485,3553,20045,4499,6672
7361250:7910,19422,16373,3324,14914
5968250:15138,9671,11612,27791,3702
5898500:11176,16406,25989,16110,23214
1793250:20826,28438,15022,15814,17640
563500:27886,4808,12352,26871,5334
434750:11176,23214,26288,20045,8662
5847500:15022,8662,23103,28438,11176
861750:1666,12168,25989,504,6672
5522250:15022,16373,11767,28438,12168
8060000:6672,23214,20536,6731,25989
5745000:1047,20826,16373,241,11767
5654000:14942,23214,2683,20045,6672
3592750:15022,16373,1047,28438,8662
8792750:22484,13244,19615,15446,20045
4895250:29095,20045,14796,23214,4499
11590500:16406,23214,23338,12220,12977
3405000:12220,22547,24385,14261,11052
2378500:26485,16406,3553,23214,22317
3846250:23214,8662,25989,11176,28924
4712250:25029,8689,19862,5267,4939
1792000:12395,19615,4452,18868,17725
10112000:12329,29099,3723,2683
5440500:7910,19422,16373,1047,241
4967250:23491,23214,20045,8662,3324
11046750:16406,25989,7323,23604,23214
5061750:6672,14942,20045,22993,4336
393250:16406,23214,28924,9671,11612
5906250:16406,23214,6731,6918,26288
10212500:241,11767,28438,15022,11679
10845500:374,16406,22484,20045,15814
3216500:23338,25260,7990,12216,3719
1855750:26485,23491,25415,20826,3553
1206500:5627,26485,23491,7910,19422
1966250:8027,15022,1047,11767,28438
267250:26485,20826,3553,23214,20045
1104500:13483,20338,19339,2217,6820
3266750:6918,29084,8278,13274,10329
5187750:15022,16373,12168,19615,28438
11923000:26485,5627,7910,19422,4834
4876750:29095,12964,5962,5334,14796
4809000:22547,19974,24385,14261
5121750:26485,5627,16373,1047,28438
799000:16406,23214,15138,20045,143
2920750:14647,20826,1047,14661,20045
5226500:17640,20045,15814,3324,20207
3751500:26485,3553,16406,19615,22317
621500:11052,18227,12220,22547,12394
7405250:504,19660,19862,13244,25029
9436000:10194,16873,12352,12329,18024
7568250:26485,3553,27135,20045,2373
5078750:8662,23214,11176,28924,16406
9586500:20045,14796,16406,11196,15138
10768750:16406,23214,15138,16110,20045
1148000:7910,15022,19422,16406,28438
1661750:5627,20826,16373,8676,14661
2198750:26288,23214,16406,4544,29445
418500:26485,5627,504,2217,5883
6234000:16406,23214,6731,21971,16906
835000:16406,23214,28924,12964,5962
10933250:241,16406,1428,20045,20207
11896000:16406,23214,20045,143,15138
154750:26288,17453,21110,4544,16110
3723750:504,20045,6364,16406,14942
4193750:16373,14796,8662,16406,18196
3211250:23214,16406,20045,3324,4499
5438000:3723,22547,11078,12220,12316
1074750:14806,18946,20826,21995,24780
2921750:8676,14942,14661,20045,6672
9055750:1666,8409,20045,14942,6672
7568750:18990,3740,1415,14159
3661500:12168,16406,6364,23214,13765
3014750:20045,11052,4499,17453,23779
10944750:23214,6731,20045,20207,9486
892500:28438,8676,14661,12453,17725
11552750:23214,19615,16406,11000,20045
3849750:7910,19422,16373,27683,14914
1911500:15022,8662,28438,22999,8439
8100250:20045,26288,17640,4544,22552
10546500:15022,28924,28438,21995,11767
8172250:26485,7910,19422,3553,1666
9069000:20826,23214,11936,22029,8240
1165500:25415,15874,8409,21930,241
4317250:4694,6290,14266,26429,12132
11340250:8409,11176,6918,22547,11000
9671750:26485,7910,19422,3553,14914
11397250:22317,6364,17020,12168,13765
3644250:1577,20045,9111,12453,6672
11564250:15022,7910,19422,28438,14914
12377250:14294,24601,29084,13274,24628
1046250:14796,14942,22484,20045,6672
5220750:16406,23214,19615,20045,22029
7034000:26288,15138,4544,19036,27033
5037000:12964,5334,20826,1047,2217
4770500:22482,15138,14261,24628,12606
2386250:16406,23338,16110,23604,23214
5911250:7910,19422,28438,20826,14914
5735000:17640,22547,12220,16406,11196
10477000:4834,11196,4626,27618
6683750:6731,15138,25488,12220,10680
9979000:15022,28438,22484,20045,23214
2138750:22484,6672,14942,20207,20045
9121750:20207,25086,14942,9486,8637
5865750:26722,11052,11328,11670,29381
3549000:20803,20620,25212,11032,29099
12027000:23491,241,2368,8409,8154
7860250:4078,23779,22280,25372,23013
10297000:5330,7868
8230750:5627,504,25415,4834,20826
417250:14796,16406,9486,20207,290
1110750:1831,6447,4078
42000:6731
3625250:2655,6820,4694,22029,8240
4809750:26485,23214,3553,20045,16406
10185750:11767,12168,6672,14942,23214
9179500:7105,11679,7868,4336,24601
4184250:2683,23214,5416,10810,768
1240250:10329,14020,4544,25323,29445
5264500:8027,20826,819,13483,6731
10513000:26485,16373,26314,1428,20045
11616250:8662,6672,11176,7868,19466
4063000:26288,16406,20045,4499,29445
1181250:22484,21681,25631,12394,15446
7375000:16406,16110,20045,7323,26288
8170750:8409,11679,22727,16406,11196
8666500:11679,11767,11196,12168,14942
12384250:7560,26314,2963,2669,480
725000:7910,19422,13975,21201,13238
10264750:8409,20045,13244,504,16406
9628250:22727,7910,19422,20207,14914
11716000:22484,2452,16373,241,25631
266500:16406,23214,4544,26288,29445
10756500:25372,12220,19514,14580,7173
6977000:26485,5627,23491,7910,19422
10063000:26485,3553,14942,11244,6672
1985250:23491,11176,8662,20045,4499
309750:22484,12160,26288,6672,16406
2882750:28438,21930,15022,12168,6364
8129250:26722,11052,12352,21632,24825
7892000:15138,19036,2655,17835,27033
9592500:6731,10058,9671,21865,10176
8195000:28438,8676,4452,6731,25240
6619500:1577,2373,20045,3324,19615
3581250:22484,8676,25631,12394,15189
11737250:23338,8028,1831,25058,27168
4658500:22547,23207,24977,22482,20338
7322250:20045,10058,13274,10329,10176
11129250:8027,14806,15022,21995,1047
9215000:17640,10106,4078,12352,10014
5143250:18227,6731,25488,16550,9250
9438000:26485,3553,6672,8662,14942
5726500:6731,20045,18730,4499,24015
7060500:10194,16873
139000:26485,5627,13244,20826,25415
4447000:19466,26288,1577,23214,20045
8822250:2368,16373,27135,6731,22484
1727500:11176,29547,10840,4949,21672
8799750:23214,27135,28438,2373,8662
9512750:16406,15022,28438,11176,23103
9212500:29203
5239500:8662,23214,11176,16406,6731
1459750:11767,14914,7910,19422,8409
3675000:16406,11196,20045,4499,3702
7002750:26485,23491,3553,22484,14942
472000:16406,23214,7323,28924,18730
4257000:15022,14942,28438,23214,8662
8435250:5627,15874,20826,14806,14942
83250:17640,10014,14294,24922,14020
7830250:20979,20045,25219,22908,25323
9394500:23214,19615,16406,6672,20045
1688750:20045,28059,20297,4078,4499
8314250:20045,143,15138,4499,22400
2676250:6672,8637,14942,11605,7868
10818500:20826,16406,23214,21930,17725
8243500:16406,23214,11936,20045,3627
3096750:26485,15022,3553,28438,16373
8040000:5627,4834,28438,1047,13483
1114000:11176,29547,15138,5267,4939
7494250:27117,29203
19500:8662,15022,16373,241,28438
2752000:8662,6731,20045,3324,22317
8248750:11263,4078,679,28641,14261
6694750:8027,5627,20826,16373,1047
4392000:20826,16373,25415,28438,14661
5539250:26485,22484,3553,23214,8662
10119250:26485,20826,3553,22484,28438
9437500:16406,18275,23214,5863,25219
11939000:15138,11176,27791,25323,9671
1953250:15022,28438,16406,23214,6672
10229250:14942,20045,16406,6672,4499
11141500:26485,5627,4834,16373,3553
711500:8027,12189,7910,19422,18977
6301250:6672,26288,15138,10058,4544
764000:5330,7868
3288750:20045,24969,4499,9486,16406
9123500:4078,12352,22280,18002,6326
1724000:20045,16406,23214,15352,26288
3742000:26288,8676,4544,29445,24628
10713250:2729,11175
4547500:8662,20826,16373,28438,15022
6849750:20045,4499,14482,143,16406
82250:241,13244,16373,28438,21995
6258500:8676,25372,12220,14580,11176
6904000:27683,20045,15814,4499,6672
2078000:23214,20045,8662,17725,3324
4047000:8662,11176,16406,23214,27791
2132250:19615,8409,15814,18275,12168
10598500:6364,20045,11767,3324,23214
9720000:25488,28653,10058,11612,10970
3781500:26485,3553,23214,20045,3324
5899750:26485,23491,7910,19422,20826
8529750:2683,18002,6326,17429,19993
4620000:1666,1577,12453,504,13765
9163000:14942,23214,16406,20045,6672
887750:241,8662,15022,28438,14796
10619000:11767,15022,12168,23214,28438
5256500:6672,8637,14942,12352,11196
2968250:26485,14942,3553,14796,23214
10234000:21681,6731,15365,7868,4545
6874250:15022,7910,19422,16373,25352
1724250:20045,143,5087,4499,24015
2975500:14942,1047,23214,20045,20595
11613500:15022,28438,17640,6672,14942
6807250:23214,8662,8676,20045,11176
5901250:6672,14942,20045,7868,4499
4421250:23491,7910,19422,20826,25415
12388250:16406,23214,8676,20045,12220
5959000:22727,16406,20207,20045,23214
11121500:26288,20207,11000,20045,29445
11947000:27415,11280,23604,14806,23207
5769750:10329,26754,22547,2669,25323
11158000:8662,4452,23214,20045,6672
9694750:16406,23214,21681,16110,7323
4059500:16406,23214,7323,28924,12977
10393750:2257,11196,16406,18275,3702
7163250:13483,20045,12168,8662,2683
2988000:8409,17640,20045,4499,6672
1338750:20207,29095,9486,25086,20045
1622500:8027,15022,28438,23214,16406
3892750:26485,20045,5883,25989,11679
9802000:25488,9671,11612,8689,1392
8149250:14545,20826,27791,21865,628
8528750:2217,23491,8409,4834,20045
7785250:11679,15022,19615,28438,12395
10052000:12220,18075,10680,2655,6820
12065000:26485,5627,16606,8738,22727
12142750:16406,23214,21681,16110,11176
8070000:14942,6672,20045,143,201
2033500:8027,819,8676,14942,23214
9973000:26485,3553,16624,20045,15478
8346250:16406,15814,23214,19615,23779
10774750:6731,20045,26288,23214,28924
6061250:10840,25323,14020,24358,22393
4025000:26485,7910,19422,16373,1047
2480750:9111,28653,11176,16406,16110
7269250:26288,6672,16011,11983,4544
3304500:1831
9015000:6672,18196,26288,15138,14942
6900500:11196,23491,8154,25372,23656
6754250:23214,6731,6672,26288,16406
10224750:22484,19615,25631,15814,17640
3310750:8027,16406,819,23214,11936
11631250:504,13244,17606,8409,19615
5110750:15022,8662,16373,28438,16406
8385000:9671,11612,25488,8689,2353
10840750:16406,23214,20207,2683,9486
746000:22317,14942,16406,9111,6672
599750:6918,16406,21490,26288,17640
1449250:5627,7910,19422,25415,19660
4921000:20045,143,4499,9671,11612
4716750:8689,12168,5863
5407750:12168,8676,2683,23214,28924
8280500:2257,14294,11052,20045,4499
9103250:14914,7910,19422,8409,241
3734250:25029,19862,20297,16406,6672
9839750:23214,14942,11176,12168,6672
11494250:20826,23491,22484,16373,1577
11307500:16406,23214,28924,16110,9671
984500:1047,17640,11767,6364,20045
5440750:16406,23214,24196,12977,27637
8096750:15874,23214,16406,5087,28924
10057000:374,29445,25989,26288,4544
8271000:20207,25086,19466,9486,2373
439000:11767,12168,15022,23103,28438
8649250:16406,6731,25989,16110,23604
6003750:16406,23214,12964,5962,5334
12234750:18075,23284,10058,21092,16564
10799000:23491,8027,819,16373,4834
2891500:7910,19422,17640,14942,14914
6354500:23491,8409,8154,11196,6364
3295250:16606,8738,23491,4834,28438
11894500:9111,28653,20045,18002,6326
11220500:22727,20045,20826,6672,22484
5697750:26485,7910,19422,1666,3553
1934750:8662,23214,16406,26288,28924
3350250:20327,17772,24459,18202,14935
2322750:12168,19615,24194,3393,143
776750:20826,16406,5087,23214,28924
1767500:16406,23214,28924,28855,9671
6571000:8676,20045,143,26722,24015
10588000:6326,17429,14294,6918,8278
8160750:6672,14942,7868,8637,25989
6957500:26722,11052,28438,6820,8240
5642000:7910,20826,19422,1666,13483
6247250:2683,2257,27683,201,19993
1459000:26485,14942,3553,6672,20045
5465250:26485,23491,3553,11196,8154
8215250:21995,19660,15022,28438,26314
10885750:23491,241,2368,28438,8154
6852750:16406,23214,15138,22552,10058
8861500:13244,504,16406,25989,7323
7116750:20207,16406,23214,20045,28924
10539250:10329,12352,22393,2729,25323
8628250:4452,6731,16011,15138,23284
2316250:29095,20045,11000,3324,4499
2428500:12220,3740,10680,24977,25117
11711250:23338,25260,25488,7990,12216
2807500:6731,14575,10680,23284,21092
11527500:8662,15022,16373,28438,6731
10312750:8027,23214,20045,14942,16406
11984750:8027,7910,20826,19422,819
9842500:8027,14942,819,20045,20207
11503250:10194,16873,5640
4215750:8027,26485,5627,4834,16373
11683250:20045,14796,26288,15138,4499
6067750:1047,22484,20045,12453,17020
5994250:29099,3723,2683
7184500:5334,22489,21632,24825,9651
9651250:7910,19422,20826,14942,20045
236000:26288,2655,4544,4078,15390
8848250:241,15022,23214,28438,14661
2688750:15022,16373,1047,28438,27135
8033500:2655,4694,11578
7893250:11176,14796,8662,23214,7323
10979500:26485,14647,1666,19660,3553
8017000:26485,17606,3553,17760,22052
1047000:16406,4939,12220,11196,24977
4625750:19615,23214,15138,15814,16110
7703750:8662,20045,23214,14796,17725
12204750:23491,11196,8154,22484,16406
6571750:7910,19422,16373,12168,13483
4533750:19962,15911
10069500:7910,15022,19422,16373,1047
11111500:12220,22547,12394,27508,24385
7797000:28425
3149000:26754,1428,22993,5267,1598
5012750:8662,23214,16406,11000,11176
9035750:8662,20045,16406,15814,23214
10927500:19615,17640,23857,8278,7868
4922750:16406,23214,20536,6731,28924
1528500:22484,16406,25631,16110,15446
5742000:14526
2557000:7910,19422,21930,20045,20826
2006000:26485,4834,28438,504,23491
5751500:8662,15022,28438,3324,4499
203750:26485,1666,23491,3553,20045
8072250:23491,23214,15138,24628,1530
6523250:26485,241,14796,3553,22484
11794250:11176,22484,8662,4544,26288
6848750:14294,6868,1972,3273,21110
3257000:28438,23214,20045,14942,25240
6257000:26485,8409,3553,16406,20045
11283500:26485,20045,6364,3553,8409
3075000:16110,1047,20045,11396,21815
10642000:8027,1047,23214,20045,20207
2476250:11196,10329,16406,12352,18275
4004500:15022,16373,22484,28438,16406
10309250:2368,4452,14242,26288,6672
8573000:8662,16406,3324,26288,20207
1641000:22484,21930,25631,12394,15446
5655250:13483,20826,1047,3393,19036
9513250:25415,12168,16406,2683,15022
6250250:504,20045,5883,25989,17725
4902250:16406,23214,12977,16110,7323
9906500:8027,819,17640,20045,20207
7699500:20826,16373,1047,28438,15022
8940500:20826,15022,28438,4728,8690
12331000:12352,12329,18024,29473
11747250:20045,3324,17725,16406,4499
2168250:16406,12964,5962,5334,7611
4814750:5627,13244,20826,25415,1666
12154500:8027,5334,20826,20338,19339
5155750:2368,16373,20045,4499,16406
1629250:2655,22547,14261,4078,16406
6299000:15022,28438,8662,22484,2373
2823250:241,11176,16406,23214,12220
8617500:20207,16406,23214,11176,12394
12004000:18075
11687000:20207,12160,25086,20045,143
7886000:6672,7868,8637,14942,12352
10578000:6918,8278,16110,13274,15138
11300000:19615,16406,20045,11000,15814
7383000:26485,15022,1666,23491,3553
2076000:25415,26404,20045,23251,143
11612500:6731,22482,23779,4078,53
5999000:241,16110,14914,7910,19422
8745250:24358
9946250:504,25989,11176,6364,9111
9278500:26485,23491,2257,3553,4544
3787750:11176,29547,10840,4949,21672
11772000:11080,20045,23251,14580,143
7657250:2655,15138,23656,21565,9120
4963500:16406,25989,25219,4694,20620
4880250:11052,4078,11263,11612,22280
3954500:26722,11052
1118250:16406,23214,28924,16110,7323
1365000:7910,25415,19422,23214,19615
11646500:6918,2249,12394,22547,16406
5467250:20045,143,4694,22029,8240
7918750:20826,28438,15022,20207,3324
7450000:26485,23491,20826,16373,3553
252500:19615,15814,11176,28065,13274
12173500:20207,25086,2683,9486,9671
4133750:7620,23779,10680,13975,2353
11078500:26485,20826,3553,20045,8662
6412250:23338,25488,10329,22393,25323
1758250:23214,16406,6672,20045,14796
3010000:26485,14647,1666,19660,3553
3312500:23491,22547,23338,12220,14261
10185000:26485,21995,18196,3553,15022
8324500:11679,11196,26288,20045,4499
380000:26485,16406,22317,3553,25989
8216750:16406,23214,4499,4544,10058
10261750:24628,16406,29381,19636,6731
6458500:26485,13483,7910,23491,2217
12239250:9671,11612,8689,21110,259
11362000:20045,143,4499,8028,24942
2788750:5627,16373,1047,27135,1666
6848000:26485,3553,20045,16406,4499
12015250:5627,23491,1047,16373,20826
10816000:2128,12220,19993,10106,9120
7445000:26485,23491,7910,19422,3553
6780500:22484,14796,16373,1047,14942
11957000:27791,16406,12220,23214,28924
9199500:26288,6918,16406,8278,3702
4680000:504,20045,13244,2249,2128
39750:7868,1428,22993,15446,14482
5238000:15022,16373,28438,23214,8662
10654750:25989,9111,23284,20620,25212
11167500:4618,5334
1906000:16406,23214,12977,16110,7323
11734000:20045,143,4499,6672,26722
9782500:8662,16373,19615,15814,23214
11535500:26485,16606,8738,14712,1047
6713250:8676,20045,15138,11080,12220
5292000:26288,6672,29445,7868,20045
6872750:23214,20207,16406,15352,15138
7715000:4452,20045,143,4499,6672
745750:8662,20045,14942,15814,14796
154500:8027,8676,23214,11936,24628
12016750:22484,25631,19615,15814,12394
10609250:3723,10058,21865,10176,8313
6205000:21092,8689
7976750:2368,16406,8676,11196,3702
8757750:20207,25086,2683,8689,3627
7286500:12168,13779,574,26288,25770
10095000:16373,15022,28438,15814,3324
11936000:16406,12977,16110,7323,18730
2364500:20207,19615,1428,15814,11396
10715500:26485,7910,23491,819,1666
448250:19466,27135,2373,14482,4571
8111500:15022,8662,11767,28438,17725
11625250:16406,20045,9111,11612,17453
8163500:5627,25415,20826,1047,14796
3001000:26485,5627,25415,20826,16373
12015000:19974,22993,5185,10970
11558000:1831,14261,23779,24628
969750:14914,7910,9111,19422,16406
8949750:18491,22547,11176,14261,23338
10966250:22484,20045,3324,6672,290
7588000:15022,14942,28438,8662,22317
8508750:26485,8027,7910,19422,819
10592750:15022,2368,23214,28438,6731
4256000:11000,25329,7096,10058,21865
5962750:16406,23214,6364,26288,7323
371250:6820,8240,12220,20338,19339
4454500:25488,9671,11612,21110,23475
10696000:16406,12977,16110,18730,7323
7345250:22317,6672,26288,14153,290
10492250:28438,1047,4834,13483,20826
2187500:16406,23214,12977,16110,18730
3288250:15022,12168,11767,28438,23214
2940000:25415,20826,25618,2605,7692
3410000:26485,22484,3553,25631,11052
8216500:8027,5627,16406,21681,25631
7476250:15022,12168,16373,11767,28438
6155250:12220,11679,18689,7552,5613
9394250:13975,21201,13238,23214,12705
4631250:12395,2368,11196,16406,26288
3799500:16373,25488,6352,11612,8689
5293250:24358,21995,11080,24780,18575
1086750:12964,5334,11767,22489,20338
5261000:16406,23103,28438,4499,27458
9352750:24385,22547,83,23928,11793
4886500:7910,19422,22484,20045,8662
7003500:241,23491,8662,1047,14796
4501000:26485,25029,3553,19862,15138
5052000:2128,17640,14294,24922,12964
3511000:16406,5613,14930,23214,28045
9173750:15022,241,8662,28438,27513
3861500:20826,11767,28438,12168,20979
1838750:23491,4834,15022,28438,18868
11440500:17640,23214,7868,16406,16110
4118250:23928,22280,13592,4618,8816
7787500:11176,23628,9838,29547,10840
8051750:8662,26288,3702,6918,13274
11313000:8676,29203,27019,14119,2826
