2350750:8662,11176,26722,14020,9671,11263,27160,11612,8689,25488,4949,4997,23475,259,15114,12394,3719,3627,3047,29022
7269750:22484,16406,25631,15159,15446,23779,5086,4078,15189,22280,26464,17214,21865,12394,23013,53,17297,29203,6550,13070
6572500:20045,17725,10106,8662,2249,12189,11244,11176,201,16918,11000,18196,6672,23214,20620,10058,27160,9111,29445,25212
11751000:25029,19466,16406,25631,27135,6364,11078,2373,22087,22246,22484,25219,17606,23656,23214,13765,4239,3285,1530,290
8555500:2128,29099,27514,17453,12220,16550,1670,27117,24503,12688,21110,4648,21844,3590,4220
425500:5627,7910,19422,16373,2368,1577,22484,1428,14914,15446,22993,20045,8662,8409,11244,11176,22908,13274,20620,27160
4853750:1577,14942,2899
5980500:25415,11767,12168,241,19615,13483,2373,16373,22029,15814,26722,8860,13765,2683,6672,16406,11682,6364,11000,25323
4256500:16079
9039750:1047,16110,17640,7323,21815,23214,14796,26288,10058,12943,7868,11052,18730,21110,29095,4078,11080,23604,4544,8313
4115500:9111,1577,25989,22317,17020,19466,28065,17760,23214,2373,25323,16406,22052,20620,5267,27135,9548,25212,25733,14153
6264750:22727,1666,7910,19422,8409,14914,13244,16406,11078,504,5863,13765,17606,6364,6326,14942,1530,11176,25989,7168
591750:11767,17640,21110,10329,20045,12168,4499,22547,25323,24922,24015,24385,14580,28621,14294
3404000:16406,23214,12977,16110,11000,7323,25329,23604,28924,8689,18730,15639,14261,3228,19166,23774,24070,6114,11781,11176
7149500:22484,25631,12394,15446,13070,15189,24726,26464,17214,17297,24196,6550,554,29265,11776,6092,13493,21110
7367000:8662,16406,11176,11000,25329,23214,22908,10058,16110,8689,25488,7323,11612,21865,28924,12977,24070,8313,26722,27160
4956000:15022,28438,3324,11679,8662,15352,11244,17725,16918,20045,23214,16406,24608,10058,9671,4618,1280,25323,6672,14796
7927750:23421,1831,9671,11612,25488,2655,27791,16406,18075,259,239,15114,3627,24869,4078,19539
4606000:16406,23214,25631,22484,23604,22552,16110,25323,1530,2729,17640,15446,7323,24922,11612,10014,14294,28924,259,6796
145750:2257,22484,4544,26288,25631,4078,12394,15446,15390,13070,29445,15189,1530,12489,17214,23779,27544,6080,25733,24196
10443000:20826,14942,8676,8662,23214,6731,6672,20045,20207,28924,16406,4499,15352,17725,2683,25086,9486,9671,25323,14526
1710500:2368,8676,23214,14661,20045,12453,5334,4499,14942,6672,201,28924,4336,15138,25323,8311,9671,12220,3285,1582
9706000:22727,8676,4452,26754,6828,5803,1831,23829,11196,1598,23928,23207,27509,21091,7354,17747,3627,11687,2899,29234
3913250:22482,26973,14261,24628,24977,14294,1831,12606,11431,23549,21372,1739,9842,13773,4411,25329,17772
12008000:25415,8662,15022,18196,23103,14942,23214,28438,6672,11176,7323,28924,16406,12541,12352,18868,24608,26404,8278,25346
9351750:15022,28438,3324,22484,16406,23214,14806,20207,6672,29381,19636,9671,13607,3285,20045,11612,7868,14942,24608,15138
4195500:4544,29445,9671,1530,11612,25488,23475,259,15114,3627,24869
1194750:12964,5334,16406,4452,23214,20045,22489,6672,21632,14942,24825,28924,11196,1700,3285,14048,4499,9131,9671,25830
5108000:5627,20826,25415,1047,15022,28438,1577,12453,8662,8860,14661,13483,3324,11244,22552,28049,27135,20045,24608,12132
1617250:16406,12220,23214,26288,28924,4544,29445,16110,14482,9671,11612,7323,27092,15639,259,15390,22547,15114,14261,25733
10018000:26485,3553,23214,20045,8662,25219,15352,4499,25770,6147,9671,25323,20207,26288,15390,25733,259,29445,15114,28924
8145500:26485,241,4834,2217,21930,11000,20045,3553,4626,3702,17760,11196,4336,27618,22052,16406,3285,11176,1530,8662
567250:1666,23491,1047,20045,3324,7997,15352,14796,11196,17640,12795,23214,25323,25989,16110,4618,3285,11612,25212,7168
12371000:16406,16110,15138,10058,9671,25323,11612,23214,21865,28924,12329,12977,239,24628,259,23604,8313,15114,19523,262
6867750:1666,23491,13244,8409,504,20045,11196,7997,16406,17453,19036,8154,5267,3702,22908,13431,24194,10970,11730,6326
1319000:15138
1832000:25415,11767,15022,12168,28438,26722,11176,23103,26404,18730,24608,12977,19835,14580,12964,5334,11196,24519,11612,20449
3188000:22317,19615,20045,25989,15814,15019,2249,4499,17453,11176,18196,22908,25323,20620,4078,25212,10840,4039,1670,11032
8430000:7910,19422,20826,28438,15022,15814,15352,14914,23214,12168,18196,20045,25323,19615,3285,22908,26722,7465,4618,20207
29750:26485,14914,7910,19422,20826,20045,2368,29497,241,11936,3553,4254,16011,15874,13765,11767,8409,16609,6364,25323
980000:8662,15022,25415,16373,18196,28438,16406,11176,23214,4499,18868,10106,20045,26288,3702,24608,17640,25323,24194,27160
3249250:23214,8662,11176,20045,16406,28924,4499,29095,3702,25323,11196,18730,9671,7323,27160,3285,11612,12220,4997,4949
6099250:18075,4220,13975,7611,27791,13971,25309,10151,21201,13238
10047250:15138
2050000:15138,4078,2655,16406,12352,25272,17945,20846,21091,18024,5372,18712,25260,12118,23570,8138,15192,3720,1831,7868
861250:16406,23214,11176,25989,10840,28924,4078,20620,25212,16110,11612,11032,22280,7323,6203,259,1691,20803,53,8689
10533750:16406,6672,14942,7868,9111,23214,28924,15138,28653,24628,10970,9671,11612,6652,8637,15639,12352,259,29381,19636
10915250:6672,8662,11176,14942,11396,20045,14020,4499,17640,8637,25323,28017,27160,14153,19937,4997,22393,12352,143,11456
6458000:21110,28177,11652,3228,15138,14294,29331,4078,11052,2655,26297,9462,15639,9120,16406,1530,239,28937,5372,23570
4557250:26485,20826,16373,11767,3553,15022,28438,11679,12168,19615,14796,22029,3324,10106,15352,26722,23103,19835,7465,25323
405000:16406,20045,11176,23214,4499,14294,12168,7323,10840,2353,13471,6203,23774,6299,23076,6114,11781,20803,1147,53
1815750:22484,6672,14942,20045,4499,7868,15189,25272,143,25631,17214,24015,6652,12394,12352,6550,15639,8637,24726,15446
1971500:16406,22246,28924,15138,16110,3393,23214,16011,949,24628,26973,26754,23604,19374,2683,25488,11612,24977,239,15639
5170500:20826,28438,15022,3324,11767,7997,15352,20045,27135,8662,454,23214,4336,11176,2373,14942,14796,24608,4618,11080
5354000:16406,20207,22484,23214,6731,20045,2683,25086,15446,25631,4499,15352,15189,9671,143,23604,11612,28924,17214,3627
5915250:22547,23273,16396,14261,12220,27508,18251,1642,5912,25329,26420,19038,5470,19262,18730,16965,17945,24977,12728,19632
7016500:16550,12220,28425
3335000:12395,19466,27135,20045,2373,4499,4039,15019,26894,5957,143,5184,3324,24015,11687,6672,22319,5285,1008,7754
12215000:8027,20826,23770,22879,21632,24825,1047,4515,11748,13602,9533,29463,12513,13815,13483,12003,14631,29502,1106,2176
9202750:19466,27625,27135,14661,11176,12453,2373,29547,10840,28270,6203,3723,4694,8240,10058,2605,24669,14318,19405,18624
10302500:16406,23214,12977,16110,18730,7323,23604,28924,15639,14261,3228,23774
3114000:18227,25488,18075,23207,9671,11612,6820,22029,8240,259,23475,7354,15114,3719,3627,24869,6148,29099,21930,19539
452750:18196,23214,14942,20045,16406,28924,20207,15352,4499,25086,9671,9486,25323,11612,3285,24015,11196,7868,7323,15138
9716500:20045,4499,6672,29084,143,6918,19514,13274,26722,24015,11687,25372,8278,12220,23076
8869250:16373,11767,12168,20045,3324,26722,17060,27135,9906,11176,24519,2373,28049,20207,8662,4336,25323,14796,19466,14153
6126750:6672,29445,14942,16406,28924,22993,1428,25323,23214,1530,11000,9111,20536,11196,20620,9548,3285,4544,12352,23604
8909750:7910,19422,16406,23214,11176,28924,14914,2367,20620,25989,24977,25212,11612,15639,11032,25117,4172,23604,23403,12977
1579250:2368,16406,3702,11196,26288,20620,3285,25212,11032,23878,29445,25989,16500,11624,1691,5184,20047,14780,18075,5372
764750:22484,20207,29445,25989,23604,6672,23214,290,5369,16406,26288,4544,22552,15189,20620,2683,25212,28049,15352,11032
2910750:26485,241,2683,23491,1428,11679,12168,3553,22484,28937,504,28924,29445,11000,5883,6364,11196,11078,878,10788
12417500:26485,3553,14942,6672,10970,20620,9111,1530,25212,12943,11032,11612,12394,25733,1691,11196,29490,7868,8313,29445
8156500:18075,14625,4913,14227,28059,5429,12790,12754,14511,24628,23779,6918,15065,24196,10480,14360,14643,12394,14261,22499
3245250:26485,14647,20826,1047,3553,15022,28438,2373,12453,16373,19615,8860,27135,12189,11767,25219,14942,11679,13765,15814
4423500:3723,10058,21865,8313,19523,262,21092
2253250:20826,14942,6731,6672,24358,23214,17725,29095,28924,614,21995,24780,16406,9671,15138,25323,7323,259,11176,27456
6766250:16406,23214,28924,15138,24628,16110,9671,11612,7323,23604,15639,259,15114,239,12977,25488,1008,6114,11781
11632250:26485,3553,16406,23214,20045,7323,4499,3702,22908,11396,25323,3285,18275,28924,9131,19796,11196,16110,16500,10329
3215500:11176,10840,4949,6203,7096,14318
200250:26485,15022,27135,28438,3553,3324,23214,11078,14942,6672,16406,19615,15352,4336,24608,2373,3285,25323,21632,1530
3168000:20207,9486,5883,2368,3627,18196,993,15352,25086,2683,23656,21565,18013,8689,25733,4618,239,11176,4949,12352
11493000:22484,12964,5962,5334,25631,12394,15446,13070,15189,22489,21632,24825,24726,26464,17214,17297,6550,24196,29265,11776
9079500:7910,19422,16406,22317,14914,19466,2373,20045,17640,29095,10106,27135,4499,25219,12168,12964,18196,5334,23214,14261
8730250:20045,15352,16406,6672,8662,3324,3285,23214,25323,14796,14942,25086,9671,20207,9486,11196,1280,29490,13784,11396
65500:2217,21930,12220,15138,9671,11612,16406,4544,29445,259,15114,8693,5372,23570,15390,27092,239,5077,2655,19539
6515500:16406,23214,20045,143,16110,23604,28924,4499,9671,11612,7323,25488,12977,11687,15639,6672,7868,18730,259,15114
832250:8662,23214,11176,16406,14887,20045,29095,28924,18730,4499,18275,13274,6918,12329,27160,26722,23403,4949,12977,4997
10054250:24628
4503500:17640,23214,12168,16406,2249,11396,29095,23779,12977,21110,7868,5863,8689,4997,11196,7323,18730,4931,28924,16110
11142000:11679,18196,11196,20045,17640,3324,4499,20207,15352,9671,25323,25086,11612,3285,16406,5640,259,9486,12220,10329
4376250:14942,23214,15138,20045,20207,6672,16406,23604,12220,4499,24628,15352,28924,2683,25323,9671,25086,11612,12352,24015
747500:19660,28937,26314,13244,20045,14575,17020,574,16011,19615,22029,11176,22246,26297,480,9462,4499,11652,17453,12160
10521000:12964,5962,5334,4571,7611,20338,6290,19339,2217,23770,24323,22879,28641,7820,25565,14120,20747,21110,13971,10151
1561250:13483,20826,23214,27135,2373,20045,11679,14942,3324,20536,8662,17640,6672,14796,9671,15352,1598,2683,25323,16406
5812000:20826,22993,1670,17453,18977,1642,25177,1644,17823,1712,1084,26420,19745,19038,27456,6143,23706,19262,6364,4154
2182750:16406,23214,12977,16110,18730,7323,23604,28924,15639,14261,3228,23774
190500:26288,16406,29445,15138,15390,11196,26665,4544,25372,3285,18275,23878,290,11176,23403,11624,19509,16500,5369,5372
10401500:16406,8676,4452,23214,7323,28924,24628,18730,12977,15639,14261,16110,23538,29490,23774,6114,11781,21973
1173500:12220,24977,1831
2733500:15022,13244,12168,16406,23214,28438,11176,6364,20297,28924,15138,7868,13765,4078,22908,7323,23103,24015,20045,1700
3588500:16406,504,6731,23214,20045,15874,19036,14242,24628,27033,21930,11196,15639,4239,16110,1700,5087,9671,17725,14273
282500:20207,16406,3627,25086,11196,4078,11624,15138,993,15352,4618,3285,9486,11396,23878,5334,18275,16500,13853,20047
5987000:16110,1047,21815,3627,19814,8689,8868,1073
887500:26485,14647,7910,19422,20826,3553,28438,16373,25415,13244,13483,15022,241,14914,12168,11767,23584,4336,25989,20207
10322250:20207,15138,2683,25086,9486,20045,143,993,15352,3627,21110,4499,9671,27791,11612,16406,8689,239,259,15114
7483500:6731
3148500:26722,14625,11431,28411,23549,6918,1831,15065,21372,25830,1739,9842,22946,21092,13773,24196,4411,10480,14643,12394
11169500:23491,11196,21681,8154,22482,26973,15534,3228,12977,13431,24628,11679,9250,1972,679,3273,12160,15874,10157,6174
47000:29099,27514,12688,24503,3590
848500:15022,23214,28438,15138,21681,23604,23103,28924,27458,24608,8637,12352,9671,7323,5372,23570,11612,20803,15114,17084
3293750:16406,23214,16110,23604,28924,25488,12977,8689,18730,7323,9671,11612,15639,259,15114,6114,11781,14261,7105,21092
341000:5627,15022,28438,28924,14942,14796,6672,11244,16406,17725,15138,16918,11000,1598,24608,10058,23103,29095,25323,13274
5139250:20826,15022,28438,19993,14661,13483,12453,16406,8860,2683,3324,20045,23214,17725,24608,12168,9671,25323,23103,6672
6654750:20826,25415,29381,19636,2176,11225,12762,17450,11767,27135,20045,15352,11176,3285,28049,10058,15814,2373,25135,3324
5957500:16373,11767,23214,6731,20045,6364,3324,28924,14942,16406,13765,15352,25323,3285,14796,6672,26722,11176,4499,4544
4475750:5627,4834,8027,16373,1047,819,13483,374,12453,4626,83,16011,22087,8860,2452,2217,21995,20826,15814,11244
7190750:14942,19466,6672,2373,7868,17640,27135,8637,12220,170,22547,6652,27511,4080,27514,15639,7090,16550,18251,11263
3524750:18196,9671,11612,25488,23475,25346,259,15114,3719,3627,26394,6621,24486,19539,26523,8689,21110,2993
12231250:16406,15138,20045,16110,143,23604,23214,4499,4544,29445,9671,10058,11612,25488,7323,28924,15639,5372,12977,23570
1441500:26288,4544,29445,15390,12977,27092,6080,25733,15138,22664
11949750:7868,4336,24601,5680,17020
7320250:26485,11679,7910,19422,16373,3553,22484,20045,11196,15446,20207,14914,2683,7868,15352,25631,4499,14796,15189,25086
3009000:8662,15022,28438,3324,22317,16406,22552,29095,24608,10058,9671,13274,21865,239,10176,25323,23103,18868,11612,259
2331750:11052,27791,9671,11612,25488,23207,259,23475,23403,26722,15322,7061,2942,3074,23829,3719
4907500:26485,8662,16373,3553,23214,16406,11176,20045,28924,4499,17453,13274,24628,11612,22908,24015,7323,26722,11983,4078
12061000:26485,23491,3553,20045,12453,8154,22484,504,16406,3702,21995,25631,6326,4239,13274,9120,1530,3285,11196,8662
1627000:26485,15022,3553,28438,21930,11176,28937,10106,8662,12189,26297,9462,29445,3145,24608,6672,25323,27160,4544,4618
2251750:12168,23214,16406,6672,6364,251,28924,26288,14942,13765,4544,23604,7323,29445,15138,8637,15390,20297,27092,19431
382250:23214,20045,3324,20207,8662,16406,4499,2249,11176,15352,25323,9671,28924,11612,1280,24628,23604,259,6796,10106
5952250:22484,6672,14942,20045,7868,2669,4499,15189,9671,11612,24015,17214,24177,25631,12394,143,259,23403,12352,3719
239250:20045,20207,11196,17640,4499,10840,15352,28855,25086,9486,25323,11176,3285,16406,9671,11612,9131,23538,11624,6602
4804500:374,7910,19422,14914,527,12316,7868,9111,25086,12220,15672,20207,27151,10193,2683,10058,4336,21110,22547,11052
9044750:19466,20826,1428,14796,19862,11679,11767,26314,25029,5883,480,614,17640,20045,2373,25323,15814,12168,11196,170
4189500:241,16406,12220,23214,11000,16110,28924,10788,12977,25329,4949,7323,15639,24070,14020,11612,24922,21715,22043,23604
5199750:26288,12220,4544,2128,29445,16550,24358,12977,10058,3723,4648,21865,29099,2826,15390,8313,13998,25733,19523,262
3952000:16406,12977,23214,8676,16110,23604,7323,24792,9894,22583,17437,28924,18730,1598,12068,14261,8689,5416,10810,3228
2756000:25488,9671,11612,8689,21110,23475,259,15114,3719,24869,3627,29099,19539,13592
140500:23491,15022,28438,29445,22484,2373,23214,4626,241,11196,4834,7997,9906,17760,8662,20045,3285,27135,24608,8154
11496750:17640,20045,143,4499,4336,5680,11687,6672,17020
71250:26485,16373,3553,28937,20045,22087,11176,8662,26297,9462,4499,4544,5267,16406,4939,3145,29445,28049,22908,25323
7600250:15022,7910,19422,16373,28438,11767,22317,23214,3324,12168,17640,14914,20045,15352,4336,24608,9548,25323,14942,11080
2704750:15022,2368,28438,26288,8662,3324,4499,24608,11176,29445,25323,20045,6672,9671,18868,11612,1530,3285,1670,5369
232000:12964,5962,5334,4571,7611,27791,13971,25309,10151,9651,2176,6434,743,11225,12762,14261,24180,5098,20595,2322
415500:26722,22484,11052,26288,4544,25631,29445,12394,15446,15390,12977,15189,26464,17214,2826,27092,6080,25733,24196,22664
528250:8662,5863,11176,29095,12168,16406,15138,14796,28855,23214,8689,10058,9671,239,7323,10176,28924,259,8313,15114
3226500:16406,20045,26288,23214,4499,10106,11176,2249,25323,13274,7323,6203,4544,1670,27092,16110,28924,15390,29445,14318
1189000:26485,8662,3553,4452,11936,5883,20045,23214,16406,2128,4499,17453,10058,9671,13274,24193,11612,12329,28924,239
4378500:26485,22727,3553,18196,20536,20045,1577,23214,16406,11196,21930,22552,6672,14942,10058,26288,3285,15639,16110,17640
7211250:22727,2368,16373,1047,2217,15022,8662,17020,6364,22484,19036,27683,25631,28438,15189,11000,4544,25323,20620,27033
5754500:22484,26288,20045,19993,10014,4544,4499,25631,15189,29445,25272,17640,29084,13274,6918,17214,15446,14182,24922,2826
7810250:22484,21930,22317,20045,6672,4499,15352,29095,25323,9671,15189,9548,1577,12943,10058,14942,23214,4544,4618,29445
7513250:23779,22280,53
3520000:8676,23214,6731,15019,1577,20045,21930,14942,17725,28924,83,24628,16406,19374,13274,9671,1598,25323,15138,25117
4852000:16406,23214,16110,28924,12977,7323,9671,25488,11612,15639,8689,259,18730,15114,21092,20902,6820,4694,22029,8240
5027500:20045,26288,4499,4078,15138,4544,16406,143,19796,15390,29445,5372,23570,7868,239,23779
1517000:16406,16110,18730,7323,23604,23214,3723,8689,10058,28924,10176,15639,8313,19523,262,3228,21092
8622000:12352,25488,25323,11687,9671,11612,21672,4618,10329,14020,18075,259,15114,5334,20253,22393,23475,3627,21092,20127
3396250:20536,9111,20045,23214,17640,20207,16406,6672,15352,14153,14942,25323,3285,20620,7868,25212,25989,11032,26288,3324
8353250:16406,23214,6918,26288,21490,28924,3702,13274,7323,8313,3285,24628,15138,11612,11196,4544,17506,15639,1831,23878
8123500:7868,6672,17640,11080,14942,14020,25323,12352,9548,25372,10329,18977,24196,11679,16110
573000:6672,14942,12352,8637,10058,13518,9671,11612,21865,19052,24194,21996,27228,8313,21501,11029,24841,29472,24711,1689
8910750:8676,11196,4220,13975,15138
299750:14942,8676,8662,23214,6731,11176,6672,16406,17725,3702,6918,13274,25323,9671,1598,3285,11196,11612,14273,27160
1969000:11767,15022,21995,16406,12168,23214,28438,26722,20207,10840,24792,17437,4499,28924,15352,25323,20045,9486,23103,19835
5011500:26288,12168,19036,4544,27033,12055,6098,4953,25090,22,12327,2971,8529,20956,25770,3863,5539,21091,17920,2899
4035250:16406,20045,11000,4499,23214,143,10058,11612,25329,24015,2669,259,23403,8313,28924,19523,262,3074,24070,16110
12275500:8662,11176,20045,11196,13274,26722,3285,24015,18227,1700,16406,15259,12329,14482,25323,6203,7990,23403,12216,4499
10831750:1666,374,2368,6672,12160,18868,13779,25770,9111,1577,6827,19615,4618,12352,5267,4997,8637,7070,26288,14942
3363000:16406,16373,6918,6352,23214,8278,16110,10058,7323,26722,13274,12977,3723,21865,15639,10176,28924,8313,11052,19523
2874500:13483,2683,27791,16406,12168,23214,11176,20207,28924,647,11628,3627,16603,12977,1598,819,14969,26754,25086,25483
1531250:16818,16406,8676,17438,23214,20045,7323,19993,28924,2217,27791,8028,24628,5738,14273,6175,12977,15639,23604,14482
4054000:1666,16606,8738,24831,6672,14914,7910,19422,14942,14712,22484,23492,13390,11080,14153,12198,2257,12394,28370,6321
2103250:15874,14942,23214,16406,6672,8676,20045,7868,4499,143,28924,14625,24015,9671,7323,24081,259,23076,11612,15114
2232500:15022,28438,16406,3324,24358,23214,4499,24628,24608,20045,23103,25135,9671,11897,6398,9946,10058,14796,29381,19636
5279750:26722,8676,14661,12453,29445,4544,28794,27092,15390,3658,25733,2826
1812000:23491,15022,28438,23214,8662,17640,3324,14942,20536,15352,24608,29095,454,4618,28924,20045,28855,11176,13087,9671
5828250:23338,5330,24196,15315,20297,7868,5336,22319,19475,2610,27191,647,8028,12216,25029,9165,14020,3719,25488,6092
6233750:17640,25989,9111,28653,20803,10970,20620,10058,25212,11032,8313,14294,25570,1691,24922,19523,4544,262,3723,26011
11761750:14796,15138,16406,23214,11176,25323,9671,7323,239,11612,10058,28924,7868,16110,10840,21865,259,5372,10176,15114
4186500:26485,20826,22484,23491,3553,20045,241,22552,10106,10058,8662,29095,27456,20536,4618,7990,19523,262,13087,26288
2797750:11396,11080,20045,23251,12795,21110,16217,28017,4499,22393,23538,29490,19937,6672,11176,4762,14577,4254,11456
9420500:26485,14647,1666,19660,3553,13244,6731,6364,1577,16373,504,2217,19862,1428,8409,22727,19036,25989,13765,20045
9794000:241,12220,16373,6352,16110,10788,949,9548,2729,4080,16550,11679,20536,1280,14020,11378,22319,25272,24922,12747
6266000:26485,14942,6672,16406,3553,23214,7868,23604,12352,8637,1428,16110,11396,6652,9671,1280,28924,11612,22993,10970
5059000:9671,11612,25488,8689,21110,259,15114,23475,3719,21092,647,1008,19539
7103000:2683,19993,8676,10329,1372,20045,19828,24425,16406,4499,18275,3702,11624,25323,17641,143,24015,20506,3285,11687
2626250:25415,23214,26404,20045,7323,26288,16406,28924,16110,11196,15138,4499,4544,15390,25323,29445,25346,18196,15639,23774
9685000:25488,9671,11612,8689,21110,23475,259,15114,3719,3627,24869,21092,29099,19539,13592,15934,4949,14261
11225500:16406,23214,16110,7323,12977,23604,24977,5267,28924,10680,12352,8689,15639,18730,22280,23774,17060,4939,11196,15446
4370750:16110,16406,23214,11176,15639,8689,10058,7323,6114,11781,6571,21865,11612,18388,8313,10847,21565,7567,215,19523
8523250:20826,16373,28438,1047,15022,2373,11767,3324,8662,20536,20045,15352,12168,17640,27135,3285,6672,10058,24608,1700
9244000:12964,5962,5334,22489,21632,20338,19339,2217,24825,28230,15138,12220,4078,6290,2655,16406,27791,239,7354,5372
8102000:10329,24385,22547,22393,19974,25323,12220,21672,27508,24015,1670,12352,28621,14020,17453
6150750:12220,15138
8633500:4834,11196,29099,4626,27514,27618,12688,24503,3590
1904750:12168,6364,20297,13765,29099,1773,22094,19431,18508,25933,949,29363
6412750:16406,16110,23604,25488,28924,7323,27791,11612,12977,12394,239,2257,2655,259,18730,15114,4078,5372,23570,20803
9463750:26288,4544,29445,15390,2826,6080,18002,6326,17429,22664,27092
9076750:23284,13975,15138,11263,16406,7868,239,21201,18124,4268,23669,24392,11175,11328,13238,5372,20127,23570,21091,22280
11352000:241,22484,20045,3324,23214,8662,25631,15352,15189,26288,12943,9671,4618,16406,29445,4499,4544,3627,24628,15446
1782250:16406,20045,9111,25329,28924,23214,15138,26288,11000,10970,16110,1700,11612,6820,4694,22029,8240,28653,4544,143
11782250:504,12160,28438,11176,8662,15022,18868,2217,25086,15874,20207,11078,23103,25219,7070,11624,10014,24608,14406,10106
4852500:15022,28438,23103,3702,20979,454,10058,11196,16406,24608,20045,25323,5185,12329,3285,18868,19523,262,10970,15138
1074500:26485,16406,15022,3553,23103,19615,23214,28438,12977,11670,7323,28924,27458,13793,18868,15814,24608,16110,28626,2257
5320000:12220,15138,16406,10680,3702,11624,2655,25372,20411
64000:20045,143,4499,6672,7868,26722,24015,23076,4949,7754,11790,281
11874000:22317,22547,14545,11176,5863,8689,11078,10840,5416,10810,768,13135,12285,29231,21899,22916,17640,17205,26619,28124
7218000:5627,16406,6731,28924,23214,13274,6918,3285,11176,11196,9671,25323,10329,28653,3702,15138,259,20047,10840,7323
11022500:6364,12168,11396,9111,8409,4544,28149,13765,10136,29445,5845,14261,14273,10058,6672,12688,26754,7868,5998,28017
11579750:16406,20207,23214,25086,28924,15352,2683,16110,9486,12220,8689,23604,9671,11612,993,21110,12977,3627,7323,259
10790500:15022,16406,23214,28438,21930,18868,7323,23604,23103,27458,28924,10106,4544,15390,29445,24608,26288,22552,15138,16110
3272000:20207,2655,12220,3627,15352,25086,454,9671,12394,4336,11612,22547,993,259,21110,15114,3719,11018,2683,24869
8327250:3324,22087,15138,11000,10058,11612,16406,25329,239,2655,3723,259,15114,8313,13592,5372,19523,262,23570,25488
3089500:23491,11196,11679,8154,17640,20207,19036,14796,13431,9111,7680,25770,22552,17760,27033,20536,22052,9250,11612,11730
5248750:8662,15022,16373,28438,17640,18868,29095,11176,11000,5470,12933,19574,28548,12490,17418,27568,27407,19993,19197,20425
5608250:26485,16406,3553,4544,6731,20045,16110,26288,7323,23604,24977,23214,4499,5267,15390,29445,4939,12977,15639,28924
4399750:26485,20045,3553,3324,878,16406,22484,25219,13765,28049,23214,4336,15189,14942,25323,6364,27151,4618,6672,1280
2616250:11176,8662,2655,20297,14265,12394,14020,12329,251,26722,239,8689,27160,15138,12285,24032,11447,3720,4078,5372
3795000:22484,26288,20045,16406,10106,4499,23214,29445,15189,25631,29095,21110,4544,11080,18730,25323,10058,18275,23403,6550
2768250:2655,15138,4078,27791,16406,239,3720,20411,18624,5372,23570,7868,18024,20803,17084,9563,17400,25372,26464,25267
8701250:16373,23214,16406,20207,20045,3324,28924,4499,6352,11196,2683,9486,15352,25323,25086,24015,3285,11396,15138,5372
7921500:22317,20045,5863,6299,22547,23338,24015,12329,4499,26619,12168,8689,25323,23403,7990,12216,2669,3074,10329
3344750:11679,20045,143,4499,6672,7868,24015,11687,28425,23076,7754,4949,11790,12352,281
11601500:26754,1598,23207,9250,28425
1699500:11679,11196,16406,20045,11176,25989,7323,23214,11080,10840,259,16110,12977,20803,28924,20620,9838,12943,25212,23604
5948500:26485,7910,19422,3553,504,14914,22482,16406,8409,20207,25219,6299,25323,11176,23338,15352,2353,14273,13471,23214
11321750:11052,12220,27791,4452,16406,11196,26722,10680,16550,3702,251,6096,3285,14048,11396,15534,1397,8122,12705,18275
5780000:5627,27683,12453,2249,28149,17725,11196,14661,26754,6104,12316,19615,11244,11263,637,22908,7465,14969,4239,27151
11701500:6731,28425
6897000:6827,24628,11790,12132,23538,29490
3981750:16406,23214,26288,8676,5087,6731,7323,23604,28924,4544,18275,15390,29445,3702,4078,16110,12977,2353,28425,13471
9344000:5640
854250:23214,20045,16406,28924,4499,3702,25323,9671,3285,29095,7323,15138,11196,24015,259,15114,18196,5372,23570,24486
3326250:20045,6672,23338,25488,9671,11612,143,15315,24015,11687,23475,4499,259,15114,7868,3627,7990,12216,3719,23076
8702500:26485,15022,241,3553,28438,23214,11936,25989,14796,3324,6672,14942,24608,15352,16406,20620,25323,12220,1280,10788
9488750:20207,22727,11196,25086,14294,5267,3627,25989,24977,993,23338,15352,17060,7997,4939,20803,9906,11682,12394,25212
1324500:12964,5962,5334,20045,143,20338,19339,2217,28230,22489,4499,6672,21632,9620,24825,26722,24015,11687,23076,4949
6140500:374,7910,19422,14942,14914,6672,11176,23214,13765,17640,6364,8662,22908,7868,25323,4618,12943,10840,22314,6652
4304250:5627,20826,15022,28438,15814,17725,8662,27135,8860,13765,11244,201,14796,19615,6364,24608,11176,3285,10058,3324
5068750:13244,4078,23779,22280,25372,23013,53,29203,11196,27092,21372
4994000:16406,23214,16110,7323,23604,28924,19974,12977,15639,18730,23774,6114,11781
10566000:12964,5334,20338,2217,6672,4544,9111,29445,878,10106,15390,22489,19339,28230,13971,16406,12220,14942,12394,17653
6634500:7868
5336750:2373,20045,3324,16406,25219,27135,23214,15352,19466,6672,9671,28924,20207,25323,29095,25086,14942,2683,259,5372
3282250:21995,14942,20045,22484,8662,18196,6672,11176,4499,20207,15352,25086,9671,17640,11612,27160,10106,17748,15189,15478
981000:5627,16527,28225,20826,1047,13483,11256,17737,27135,28924,20045,14545,10778,6154,12142,21930,26631,17538,5081,7576
4336750:16406,8409,23214,28924,8689,6918,13274,7323,13087,4078,23604,53,23779,25092,22280,8278,10136,18730,16110,23774
10064500:11196,23491,8154,20045,18575,24792,9894,3627,17437,22547,4499,15534,24385,14261,13431,24015,3228,28425,5416,10810
1244250:16406,23214,12977,26722,16110,18730,7323,28924,23604,8689,11052,15639,3228,23774
2737250:241,16373,8662,20045,15814,3324,10788,17725,11176,16406,14942,6672,11196,20536,27160,10058,3285,23214,12220,11612
6458250:26485,504,3553,6364,2368,11679,16406,18196,11000,17640,8662,25219,13765,11196,19615,6326,15352,23214,1530,15814
6998500:17640,20045,15814,14796,23214,19615,15352,14942,16406,6672,25323,16716,4336,4499,3285,20207,28626,25086,927,6602
11535250:13483,11767,12168,2683,20045,11176,23214,14796,8662,3324,17640,1598,22908,4499,21110,16603,18196,10338,22999,8439
6172000:15022,28438,16406,25989,11176,3324,23103,24608,18868,16110,23214,26754,27791,20620,10058,7323,28924,25212,15639,23604
1525000:20826,1047,241,28438,15022,8662,10106,27160,24922,11679,24608,4997,4618,10788,8868,27456,29022,18678,21323,9548
4844000:23214,8662,28924,16406,13274,9671,11612,25323,7323,12964,239,5962,5334,24628,259,6918,15114,29490,28425,21091
1492500:23214,20045,11176,8662,3324,17725,4499,6672,28924,29095,14545,18196,29445,9671,25323,27160,20207,4544,11196,3285
3035250:7910,19422,23491,20826,16373,25415,28438,21930,14914,15022,241,11767,4834,12189,3324,4618,24608,22908,24177,83
731750:16406,15022,23103,28438,7323,28924,12977,18868,24608,8689,27458,23604,22319,18730,16110,26959,14261,2257,15639,23538
7545250:16406,26288,23214,20045,12220,4544,4499,28924,29445,9671,11612,23604,259,27092,22547,16110,25733,23403,15639,7323
10972250:15022,21930,28438,18868,23103,4618,239,8637,1280,16624,5334,8662,15478,26308,27458,2257,5185,26422,15018,27448
10628500:14020,25488,9671,16564,10058,11612,21091,6246,4534,26426,5995,2899,21865,23475,25117,259,15114,22368,8689,8313
2148250:1666,9111,22246,11000,22482,28653,11176,19974,26973,22547,10970,12220,18196,7168,19166,13554,24070,17228,6918,4997
11391250:22484,25631,11176,12394,1428,14265,22993,2898,15189,24726,15446,26464,17214,1280,11447,17297,13070,6550,20626,6599
2088000:16406,23214,20045,16110,7323,23604,15138,4499,28924,143,24628,24015,1831,11687,239,11328,27791,4728,12977,6820
7687500:8676,17725,11196,16011,15423,27791,6805,23007,3702,16406,20620,3285,5836,25212,25989,11032,11624,11612,6096,259
5024500:23214,20045,22029,8240,5087,17725,16406,28924,14482,4499,25117,25323,9671,1598,23273,16396,259,11882,20338,19339
5034000:16406,20045,4499,23214,17725,16110,1598,18575,24792,9894,17437,9671,12964,10058,25323,24015,5334,7323,17772,14935
4073250:16406,23214,20045,28924,3324,18196,4499,25323,4618,10329,23774,23538,6621,10970,2655,29490,23604,6114,11781,143
2200750:20045,3324,29095,4499,17725,24628,13274,25323,24015,6918,9671,259,239,15114,11612,11196,4949,5372,23076,15138
7854500:26485,3553,11000,20045,3324,4499,16406,29095,23214,14942,6672,22908,10058,15814,14796,25323,4544,1280,24070,29445
4087750:13971,21995,1047,7910,21930,19422,16373,17020,241,15022,28438,2373,3755,19875,3746,13097,23683,8799,12438,20589
317500:15022,11679,28438,14942,17640,15352,6672,4499,11196,18196,20045,24608,25323,23103,18868,9671,20207,29095,14796,25086
1446250:15022,8662,28438,23214,16406,4499,20045,24608,11176,10058,24628,4618,11612,26288,18868,25323,1280,23103,259,11078
9782000:25488,11612,10058,259,3723,10176,15114,16406,8313,239,19523,262,21092,19539,9671,2655
5491500:374,1666,6731,23214,12395,7323,5369,28924,16110,23604,29445,12394,682,7168,25483,5087,26665,25117,24628,290
6014750:14914,7910,19422,14942,6672,11176,22484,6364,20045,28370,13765,2249,8662,4499,10106,25323,9120,6652,22029,8240
4782250:14796,6672,23214,2683,9486,8662,20045,25086,14942,3324,28924,7868,20207,11983,29084,15352,4499,6918,9671,16406
4850000:22484,8676,20045,25631,4499,6672,15189,17214,14535,12394,26722,17297,15527,13070,6550,740,7868,27467,14574,1644
4153000:2368,16373,16406,20045,3324,23214,14796,11244,16918,10058,25323,11612,28924,7868,3285,11176,4499,259,8313,5372
11339250:19615,7868,15814,14796,12352,11670,1530,28626,11612,14482,12329,18805,22736,15322,22680,13793,12055,259,15019,9671
620500:26485,15022,16373,3553,19615,28438,27135,3324,23214,16406,2373,14796,27458,6672,11000,24608,15814,10058,13274,14942
7306250:16406,11936,4694,16110,20045,143,23604,20338,19339,2217,23214,4499,1598,24977,28297,6948,12964,6820,5962,22029
11137750:16406,23214,6918,14796,29084,28924,7868,13274,9671,11612,16110,12055,259,25488,15114,7323,20648,8689,23604,19539
4037500:17640,17453,4336,7868,24601,1670,17020,6299,1831,21758,21632
3895750:20207,20045,1577,17640,3324,23214,14261,25086,290,20536,5369,9486,7868,143,9671,11612,4499,2683,12541,23076
5082500:26485,7910,19422,16373,23491,8409,3553,20045,14914,1428,2217,15352,15874,13765,17760,504,20826,241,6299,22908
6768000:26485,23491,15022,3553,22484,28438,22727,26314,21995,22029,3324,6447,504,83,12189,11176,5369,480,8154,15189
69500:13483,2683,12168,28924,21930,23214,29095,20045,17725,4499,7323,16406,25323,20480,1598,3324,23620,12705,4080,23928
2808500:26485,23491,2217,22484,16373,3553,8154,11176,4499,23214,16406,17760,6299,16609,9120,25323,22908,22052,4366,8662
364250:26485,16606,8738,23491,13483,1666,1047,14712,23492,14575,3553,20045,2217,6364,24831,17725,8409,10106,6321,19036
10000250:4220,13975
8845250:22727,11605,1428,21681,2257,8676,5087,6672,22552,14580,14625,17835,11857,6827,24628,23779,4281,11563,6918,14887
2852250:11052
650750:23491,11679,8409,11176,11196,8154,22317,14796,17453,29095,8662,10106,15534,14294,5863,17640,25323,1293,21110,1670
10976250:16406,23214,6731,7323,28924,12220,10680,16110,12977,23604,12329,14625,7105,23774,18730,12352
6700250:5640
6380000:26485,23491,14914,7910,19422,3553,8154,20045,6364,5863,11196,11176,15534,10106,13765,11679,17760,6299,17640,22052
12386500:26288,4544,29445,28065,15390,1700,27092,25733,12977,22664,23409,12431
10773000:7910,8027,19422,10338,22999,14942,4452,1598,23214,8805,8304,18267,1415,9290,24284,5151,819,22484,5458,11476
11131750:26485,3553,23214,8662,11176,12541,454,23928,28924,6918,1530,9671,4336,13274,11612,4997,11018,23338,26722,259
12028500:5640
11847750:29099,17453,25219,12394,4336,2669,1670,14482,20846,6880,21110,17020,18805,3074,6724,7868,21672,2655,28065,23516
805750:22484,20045,14942,23214,16406,15352,6672,20979,25219,17640,15189,9671,3285,25323,11612,4336,1280,9131,25086,259
1530250:15022,23103,28438,18868,25733,15138,23928,18013,554,239,2257,29473,19974,12352,5372,3627,23570,15672,27458,18465
5254500:201,8676,16406,5334,17725,3702,949,5738,3285,13971,22489,15138,28065,24628,19052,21996,27228,21501,21632,24841
1838000:23338,24196,5863,8689,1530,14294,21110,12168,22319,2610,27191,12394,647,25029,15315,20297,24471
9807250:12964,5334,5962,12352,24825,22489,14952,27117,8122,12003,4709,14631,12162,223,29502,1106,11543,24447,7105,26742
7143250:21681,9671,11612,8689,23475,21110,259,15114,3719,3627,21092,29099
1140750:8676,6731,27791,9250,5738,22179,27509,11939,12964
4097500:20207,15138,2683,2655,9486,3627,25086,21110,993,15352,4078,8689,27791,16406,239,3720,5372,23570,20803,7868
3903500:8662,5883,11176,16406,17725,17640,11244,26754,10058,12329,3627,27160,12943,9671,4618,23214,12394,11612,19523,10329
3963750:28924,11936,14575,8662,20045,16406,23214,4499,26973,3702,11244,29095,16918,14796,13274,9671,3285,25323,27791,17725
6683250:20045,10329,4499,143,12220,9671,25323,11612,24385,24015,14020,22547,12352,6672,259,21672,15114,3719,24869,14261
5693000:26485,8409,3553,25989,20045,8240,6299,11612,20620,22908,8662,11176,25212,1670,4499,14294,4728,17760,11032,259
11114000:26485,22727,3553,16406,17020,22484,25631,10970,4544,25323,26288,4078,23604,9111,13975,11612,23214,29445,15390,7323
6358500:11196,5627,23491,12395,8154,29497,15534,622,19615,19197,7105,3228,18868,1962,13431,11018,5184,28954,19177,12670
11730000:10718,12040,26894,22319,23697,15138,2750,13762,27060,8689,28270,19882,2826,14942,111,14554,26408,28098,2880,13174
3552000:22727,241,2368,1428,2217,21995,15814,11078,16011,29095,5369,614,13765,9111,16406,6364,22908,9120,11176,11000
1909250:10194,16873,1831,15138,17429,23284,7868,16406,4220,239,13975,27791,18002,4728,12705,8122,13238,21838,28008,29022
5910250:26485,18196,3553,4078,22908,11263,26394,7868,24486,5053,28410
10592000:20826,16373,1047,25415,13483,11936,20045,12453,16011,19036,23214,27135,13238,14575,14942,14661,11244,2373,27033,8662
3054250:8662,20045,11679,11000,11196,15352,1577,23214,20620,1530,11176,25212,3324,4618,14942,12943,25989,1700,24177,25323
1381000:15138,6731,5087,22547,3723,16406,3720,10058,2655,24385,24628,5372,12394,23570,239,20803,10176,4078,17084,8313
6400000:15138,23214,26288,4544,25488,29445,16110,5372,23570,15390,17084,17400,26464,23604,22914,21994,9671,8257,9066,18996
6564500:5627,15614,15959,1211,20826,11936,1047,13483,21930,14625,28924,29381,19636,14643,20045,8662,12118,8138,8693,12447
5082750:18946,9549,27509,3723,10058,21865,10176,8313,19523,262,29418,26744
3031750:26485,5627,14647,28438,7910,8027,21995,19422,1047,3553,16373,21681,11936,20826,13483,6731,25989,12453,19036,14575
4259500:26485,15022,16373,3553,27135,28438,2249,28225,8662,19615,3324,15352,2373,4336,15814,1280,22908,7465,3285,23214
10653250:8676,2669,6731,15138,4078,27791,239,26722,5372,23570,14025,27509,25635,164,17084,3720,17400,25372,12220,28924
7435500:15022,16373,1047,27135,28438,2373,2368,12453,4499,14661,28924,15352,17725,20045,16406,3324,24608,3285,4618,6672
6603750:16406,23214,20207,26288,28924,2683,4544,25086,20536,29445,15352,11176,9548,9671,11612,9486,23403,28065,993,27092
691500:2368,22727,1047,21930,6731,15446,2217,1577,17020,2683,5087,15874,574,16011,23025,23515,7179,9345,16110,20620
38250:25488,9671,11612,21110,8689,23475,259,15114,3719,3627,24869,21092,13020,19539,13592,22204,14261,29099,3937
2771250:2683,14261,24628,21747
9288000:241,26314,20045,14796,480,29095,23214,11000,8662,15352,10058,16406,22908,18196,11176,12943,10788,28435,6602,259
1247000:8662,27135,20045,2249,2373,16406,22317,19466,3324,4499,23214,11196,11176,28924,10058,11244,19814,13274,27160,23604
3684750:8409,23214,16406,7323,28924,4078,2249,26288,16110,28142,23604,6164,14577,743,4544,24628,5705,1415,22547,2353
3317500:3723,10058,21865,10176,8313,19523,262,21092,14526,29418,26744
7898750:11767,12168,14942,6672,20536,17640,26722,24519,20207,8637,24486,8662,25086,15352,9486,3390,11080,26728,12220,14580
2870250:12220,8676,4078,561,15089,16754,10680,28297,10404,1438,16564,6948,28985,1917
8997500:25415,12395,20207,17640,26404,9486,25086,12541,993,15352,3390,7868,2683,20411,8689,3627,16821,21796,24194,10329
7323750:26485,1666,8409,20045,13244,23491,3553,504,19036,13765,17760,6326,6364,22908,4239,20620,10058,27033,11612,22052
3573750:23214,22484,20045,11679,3324,15352,15189,9671,16406,11196,22908,14942,4336,3285,6672,259,4499,1280,25323,6602
9972250:26485,3553,20045,4499,6672,143,22482,26722,7868,19796,23076,7754,21672
7361250:7910,19422,16373,3324,14914,14942,6672,14796,25323,10058,3285,6352,16406,6652,4997,12220,11196,11000,7868,11176
5968250:15138,9671,11612,27791,3702,25488,259,15114,3627,24869,2655,5372,23570,19539,27019,3285,554,1182,17087,16463
5898500:11176,16406,25989,16110,23214,25488,15138,27791,28924,12977,20620,7323,11612,23604,20803,25212,15639,10840,8689,11032
1793250:20826,28438,15022,15814,17640,11767,15352,454,20536,19615,16406,20045,3285,3324,4618,14942,24608,7868,28626,23214
563500:27886,4808,12352,26871,5334,24628,7611,11939,1831,22489
434750:11176,23214,26288,20045,8662,4544,4499,16406,29445,10106,3324,20207,17640,25323,15352,27160,14020,7868,4997,15390
5847500:15022,8662,23103,28438,11176,18868,4499,11624,27160,16406,20045,3285,24608,12220,26722,4997,11196,12329,24015,2669
861750:1666,12168,25989,504,6672,9111,16406,13765,22908,5267,11612,11176,10970,6326,14942,6364,20620,25212,259,1773
5522250:15022,16373,11767,28438,12168,23214,3324,17640,8662,15352,24608,20045,25323,8439,6672,27092,14796,201,14942,23103
8060000:6672,23214,20536,6731,25989,26728,26288,16406,7323,7868,15138,20620,25212,23604,4544,11032,28924,12977,4078,53
5745000:1047,20826,16373,241,11767,28438,15022,11679,3324,12168,20536,22908,2373,1280,8662,11196,8868,10106,2368,21815
5654000:14942,23214,2683,20045,6672,16406,28924,20207,4499,15138,15352,9486,9671,11612,24015,25323,25086,23403,29084,143
3592750:15022,16373,1047,28438,8662,5369,23214,11244,6672,14942,16918,16110,201,25323,10058,15352,24608,22908,20045,12943
8792750:22484,13244,19615,15446,20045,22029,4499,15189,25631,6672,1428,12329,2655,17297,29473,14580,22321,24015,6550,5074
4895250:29095,20045,14796,23214,4499,16406,11000,15138,10058,25323,13274,16110,239,28924,11612,27791,7323,949,8313,259
11590500:16406,23214,23338,12220,12977,16110,7323,23604,28924,25488,8689,18730,15639,11857,25260,14261,23774,12964,5962,5334
3405000:12220,22547,24385,14261,11052,12394,27508,18805,16550
2378500:26485,16406,3553,23214,22317,29445,26288,4544,16110,26665,23604,1530,9671,7323,28924,11612,12977,25117,259,4220
3846250:23214,8662,25989,11176,28924,4078,14545,2128,20620,25212,16406,10106,11032,6602,7323,53,29095,1008,25323,18730
4712250:25029,8689,19862,5267,4939,23338,7868,5863,10193,12168,29084,15446,24541,10169,24977,14818,13737,24562,29203,27210
1792000:12395,19615,4452,18868,17725,15138,5957,23284,27927,16406,2655,239,19962,11790,4078,12132,5372,5640,5184,27791
10112000:12329,29099,3723,2683
5440500:7910,19422,16373,1047,241,2373,20045,17725,878,16011,10788,2249,14914,83,15352,27135,28049,29445,21930,15814
4967250:23491,23214,20045,8662,3324,11196,11176,18196,29095,4499,9548,16406,18730,4336,3285,14942,11612,6672,10106,8154
11046750:16406,25989,7323,23604,23214,28463,28855,20803,12977,16110,20620,25212,4731,11032,28924,15639,8689,1691,22368,2729
5061750:6672,14942,20045,22993,4336,25323,10058,11078,29528,8028,7868,1280,5185,27168,4499,25058,12220,11983,19523,262
393250:16406,23214,28924,9671,11612,29084,5962,7323,16110,8689,15639,12977,259,23538,15114,29490,23604,7611,14261,7208
5906250:16406,23214,6731,6918,26288,28924,13274,4544,10207,21431,9671,1966,21548,15138,16110,19552,27458,7323,11612,29445
10212500:241,11767,28438,15022,11679,4544,23103,14942,12168,26288,29445,19835,10106,6672,25219,24608,24519,10058,26722,25733
10845500:374,16406,22484,20045,15814,19615,4499,15189,25631,2128,10970,11612,11176,19177,24015,10058,1280,12220,27683,17297
3216500:23338,25260,7990,12216,3719,6092,10247,25488,4676,26523
1855750:26485,23491,25415,20826,3553,21930,2373,3324,20045,11196,27135,15352,17640,22552,22317,19466,10058,27160,8662,3285
1206500:5627,26485,23491,7910,19422,16373,1047,3553,28438,21930,29497,15022,20826,13244,1666,22727,878,19615,26297,11244
1966250:8027,15022,1047,11767,28438,23214,13483,17640,819,24608,3324,22999,8439,20045,14942,25323,20536,8662,26288,9548
267250:26485,20826,3553,23214,20045,12453,14942,8662,15352,4499,14661,11176,9671,6672,29095,1530,25323,20207,26288,11080
1104500:13483,20338,19339,2217,6820,23214,4913,6565,414,14227,24658,12790,14511,18822,27709,19908,26394,15257,684,17058
3266750:6918,29084,8278,13274,10329,18075,28425
5187750:15022,16373,12168,19615,28438,17020,8662,3324,13483,11767,201,11244,15352,24608,11176,10058,28049,2683,17725,4618
11923000:26485,5627,7910,19422,4834,1047,28438,16373,15022,12453,4626,13483,3553,16011,2249,8860,241,7997,12316,25219
4876750:29095,12964,5962,5334,14796,18196,11176,9671,12352,25488,25323,12977,25346,4949,11939,11612,259,15114,26394,16110
4809000:22547,19974,24385,14261
5121750:26485,5627,16373,1047,28438,15022,12453,11679,5369,21930,15352,25219,20045,14796,11244,24608,3324,17150,9548,27160
799000:16406,23214,15138,20045,143,16110,23604,28924,4499,9671,11612,239,7323,25488,259,15639,15114,7868,5372,12977
2920750:14647,20826,1047,14661,20045,12453,12189,83,3324,11244,16918,23584,15019,201,5836,4499,3515,4336,9671,29008
5226500:17640,20045,15814,3324,20207,22552,19615,6672,25086,15352,14942,11612,6364,1598,13765,28626,11176,1280,22680,259
3751500:26485,3553,16406,19615,22317,25989,15814,4336,20620,1530,7323,25212,26754,11612,28626,11032,11080,1280,22736,53
621500:11052,18227,12220,22547,12394,9671,14261,11612,23207,24385,25488,259,26722,15114,18180,3719,24869,3627,1642,14533
7405250:504,19660,19862,13244,25029,17020,2128,4499,20045,15390,22482,19615,8425,5267,1530,3590,11396,28435,17640,10169
9436000:10194,16873,12352,12329,18024,3720,21091,2899
7568250:26485,3553,27135,20045,2373,16406,19466,4499,19615,23214,15446,25323,1428,12943,11612,15814,28924,5863,15138,23403
5078750:8662,23214,11176,28924,16406,11000,15138,27160,1700,11612,25323,239,4997,24628,23928,28065,259,25346,15114,5372
9586500:20045,14796,16406,11196,15138,5334,4499,9671,3285,11612,22489,15322,3702,21632,10893,5372,12132,24015,24825,23570
10768750:16406,23214,15138,16110,20045,7323,143,23604,28924,4499,4078,27791,12977,239,18730,15639,2655,24015,7868,5372
1148000:7910,15022,19422,16406,28438,14575,11000,14914,27683,12316,17760,4544,18868,25631,24608,22484,15189,23604,22052,9111
1661750:5627,20826,16373,8676,14661,20045,12453,23214,28924,4499,16406,11196,11244,16918,14796,28049,6672,27415,16609,25323
2198750:26288,23214,16406,4544,29445,28924,26728,17640,6299,15390,9120,20536,24922,23604,1670,7323,25323,11612,16110,10329
418500:26485,5627,504,2217,5883,22727,14153,25631,5369,11679,18013,11176,25989,27151,20620,9120,17150,11078,25212,15259
6234000:16406,23214,6731,21971,16906,16979,11259,12283,7323,5087,4544,28924,29445,23604,15390,27092,15639,18730,25733
835000:16406,23214,28924,12964,5962,5334,15138,16110,7323,23604,9671,27791,239,11612,15639,25488,15322,12977,22489,21632
10933250:241,16406,1428,20045,20207,22087,9838,10788,15352,29095,11196,259,22993,9486,11078,6299,23214,25086,18275,18730
11896000:16406,23214,20045,143,15138,28924,4499,9671,11612,27791,16110,239,23604,24015,7323,259,15114,25488,15639,5372
154750:26288,17453,21110,4544,16110,7620,29445,2353,27117,13471,1670,10106,11052,25599,10970,53,22664,4078,1147,15639
3723750:504,20045,6364,16406,14942,6672,11196,11679,23214,16110,4499,7323,13765,3702,12754,1670,25989,24628,20620,17453
4193750:16373,14796,8662,16406,18196,23214,28924,11176,15390,29445,6352,11244,22908,15138,27160,11612,10329,3702,25346,4997
3211250:23214,16406,20045,3324,4499,28924,6672,143,15138,11196,9671,3285,11612,7868,3702,259,15114,5372,23076,29490
5438000:3723,22547,11078,12220,12316,7465,27151,28435,4078,10584,10329,27508
1074750:14806,18946,20826,21995,24780,28438,29225,14240,11330,16670,23267,15022,22999,8439,10531,14384,25474,25224,1598,8662
2921750:8676,14942,14661,20045,6672,16406,12453,28924,4499,23214,28049,13274,201,9671,25323,1598,7323,4997,10329,259
9055750:1666,8409,20045,14942,6672,16406,20207,25989,20620,3285,25323,23214,9250,26288,15352,29445,25212,20536,4544,9548
7568750:18990,3740,1415,14159
3661500:12168,16406,6364,23214,13765,3702,25323,16110,28924,7323,3285,28065,9671,23604,11612,5369,143,11201,6114,27371
3014750:20045,11052,4499,17453,23779,4078,2729,24015,1670,15639,53,143,28425,23076
10944750:23214,6731,20045,20207,9486,143,16406,3324,28924,4499,23928,15352,13975,15138,25323,25086,21201,5598,9671,24015
892500:28438,8676,14661,12453,17725,16011,20045,83,19036,4499,25240,28049,27033,24628,6827,16406,4618,5896,1838,6098
11552750:23214,19615,16406,11000,20045,6672,15814,28924,290,5369,26288,20536,13274,6918,25329,7868,11612,28626,682,29445
3849750:7910,19422,16373,27683,14914,20045,17725,17020,22029,4499,21372,28855,16406,11612,4618,679,15639,259,27117,4931
1911500:15022,8662,28438,22999,8439,23214,6672,17640,24608,14942,7868,20536,20045,14458,29095,11176,16499,14074,14292,19643
8100250:20045,26288,17640,4544,22552,23214,10058,3324,22908,29445,6672,24922,5086,574,21392,8662,15390,19523,29095,262
10546500:15022,28924,28438,21995,11767,6364,17020,15814,16373,2683,7997,12189,4544,614,19036,9906,2368,13765,19993,22993
8172250:26485,7910,19422,3553,1666,22727,17725,878,22484,9906,11244,25029,20045,14914,25323,9548,17150,27160,25415,4618
9069000:20826,23214,11936,22029,8240,20045,14942,26288,28924,8662,16406,4499,15352,7312,9275,5211,6672,9671,1598,25323
1165500:25415,15874,8409,21930,241,20045,9369,12395,6447,7997,10840,4499,11176,2410,14294,3702,6299,9671,24194,9548
4317250:4694,6290,14266,26429,12132,15945,9354,23284,3584,622,15584,13552,17006,18075
11340250:8409,11176,6918,22547,11000,17640,13274,9242,3590,21672,12220,29547,19166,8278,11052,4949,18251,24922,24070,7356
9671750:26485,7910,19422,3553,14914,25989,23214,20045,13765,14942,16406,6364,20536,20620,22908,6672,25212,25323,1773,26288
11397250:22317,6364,17020,12168,13765,28855,25272,21372,29084,15639,3590,11687,19431,911,20297,11080,2421,5443,9548,1773
3644250:1577,20045,9111,12453,6672,14942,4499,28924,10970,26288,15138,9671,14273,4544,23604,143,28653,27092,11612,25117
11564250:15022,7910,19422,28438,14914,25989,11176,16406,17640,24608,23214,23103,20620,11612,15138,25212,20803,7868,12977,26959
12377250:14294,24601,29084,13274,24628,14273,8278,2353,12352,13471,14625,21092,29364,23207,25117,1147,16884,10329,6352,13883
1046250:14796,14942,22484,20045,6672,14887,17640,23604,7868,8662,11176,15189,15352,16406,25631,12943,9671,23273,11612,16396
5220750:16406,23214,19615,20045,22029,4499,15138,23604,28924,143,16110,24015,4078,23403,5372,10970,23570,3074,5074,20803
7034000:26288,15138,4544,19036,27033,29445,1831,6098,23774,16406,22,23779,53,7868,28243,27092,2655,12977,14526,5372
5037000:12964,5334,20826,1047,2217,21632,24825,15022,15874,28438,9651,2176,743,12762,17450,25135,8860,11897,26568,14630
4770500:22482,15138,14261,24628,12606,14625,28425,4076,26758,23779,20327,11563,6918,16126,20480,15065,21796,3324,6682,18196
2386250:16406,23338,16110,23604,23214,28924,12977,8689,7323,15639,22319,23774,18730,6114,11781,934,6092,10247,14261,6571
5911250:7910,19422,28438,20826,14914,22727,22484,25029,15022,11679,16609,19466,11244,17725,1577,878,25989,10058,24608,3324
5735000:17640,22547,12220,16406,11196,3702,12394,3285,14048,11396,9131,27508,11624,23538,20047,14261,18275,24194,12964
10477000:4834,11196,4626,27618
6683750:6731,15138,25488,12220,10680,18689,5613,14535,4970,9671,16406,740,11612,6565,414,27467,13557,1644,17691,14407
9979000:15022,28438,22484,20045,23214,15189,15352,16406,20536,24608,24628,18196,10058,4336,26288,17640,9671,3324,1598,8662
2138750:22484,6672,14942,20207,20045,15352,25086,4499,2683,12220,15189,9671,25323,11612,25770,29473,12352,24015,259,17297
9121750:20207,25086,14942,9486,8637,15352,12352,4618,5334,3627,5955
5865750:26722,11052,11328,11670,29381,14580,19636,18730,6665,9620,13607,14261,2367,11679
3549000:20803,20620,25212,11032,29099,11790,1691,12132,13390,6203,20979
12027000:23491,241,2368,8409,8154,20045,29497,6364,12395,8676,4254,8860,10788,11196,19197,13431,17389,25272,18196,4239
7860250:4078,23779,22280,25372,23013,53,29203,11196,27092
10297000:5330,7868
8230750:5627,504,25415,4834,20826,16373,28438,21995,14661,12168,12453,241,15022,4626,11767,3324,13244,8662,13483,22993
417250:14796,16406,9486,20207,290,5369,23214,22280,15352,25086,10058,9671,11612,682,28924,12220,11080,23538,993,29490
1110750:1831,6447,4078
42000:6731
3625250:2655,6820,4694,22029,8240,6290
4809750:26485,23214,3553,20045,16406,15352,2249,9548,6672,14942,4239,25323,9120,26288,9671,27151,11612,3285,18196,24358
10185750:11767,12168,6672,14942,23214,20536,26722,24519,18196,24486,28924,19835,16406,25260,7323,28855,14580,3285,14048,6652
9179500:7105,11679,7868,4336,24601,11563,12394,27092,16126,21796,3324,15138,18196,23620,5680,17020,21672,11524,21067,20300
4184250:2683,23214,5416,10810,768,13135,29231,24792,9894,22583,17437,16406,19993,28924,29265,16110,13883,20055,6655,17309
1240250:10329,14020,4544,25323,29445,10970,18075,22393,24196,26665,3034,1758,15390
5264500:8027,20826,819,13483,6731,20045,12453,17437,1598,2217,9250,26894,14661,24628,5211,22908,20327,25323,22211,12943
10513000:26485,16373,26314,1428,20045,2410,878,15874,14153,21930,3324,3553,8662,18227,480,25219,259,24194,25323,7868
11616250:8662,6672,11176,7868,19466,14942,14796,29095,27135,11080,18730,14020,8637,2373,12352,27160,4336,14153,14273,25323
4063000:26288,16406,20045,4499,29445,10058,26722,4544,143,2826,3723,3702,8313,25733,19523,262,23076,22664,24015,7754
1181250:22484,21681,25631,12394,15446,15189,24726,9671,26464,17214,11612,17297,24196,7963,23475,6550,259,17812,3627,24869
7375000:16406,16110,20045,7323,26288,23214,15390,11176,23338,4078,23604,25323,4544,28924,4499,22547,29445,1670,23774,6203
8170750:8409,11679,22727,16406,11196,574,11176,4544,16110,8662,23214,11000,17640,18196,29445,4239,28924,27160,15390,25346
8666500:11679,11767,11196,12168,14942,17640,26722,6672,20045,24519,11396,7868,24486,4499,8637,22993,22547,1428,24385,6652
12384250:7560,26314,2963,2669,480,29099,18805,26722,23403,3074,29490,15138,11670,23516
725000:7910,19422,13975,21201,13238,23214,2217,14942,4913,16406,14227,20045,26698,12790,4728,2846,7262,5050,1135,13193
10264750:8409,20045,13244,504,16406,1577,16110,22908,7620,6672,11730,1530,7997,11078,3324,1670,14942,15639,14482,22029
9628250:22727,7910,19422,20207,14914,16406,574,28065,15352,20536,23214,28924,26288,1700,11196,9486,4618,3285,16564,18523
11716000:22484,2452,16373,241,25631,21995,29095,3324,6447,15446,15352,4544,11244,15189,2128,14020,20207,25323,22523,22052
266500:16406,23214,4544,26288,29445,16110,7323,12977,23604,28924,25260,15390,2257,24978,15639,27092,14261,18730,23774,6148
10756500:25372,12220,19514,14580,7173,2257
6977000:26485,5627,23491,7910,19422,1666,28438,20826,29497,2217,3553,22727,14914,21930,878,13244,15022,259,26297,11244
10063000:26485,3553,14942,11244,6672,11176,8662,7465,23214,4544,16406,29445,25323,9671,1280,27160,17640,7868,26288,1700
1985250:23491,11176,8662,20045,4499,11052,23779,14294,22547,26722,8154,27160,19796,4078,4997,53,16082,28425,24015,19514
309750:22484,12160,26288,6672,16406,12394,29445,7070,4544,15189,9111,14406,14942,10058,3285,7868,26464,1700,4336,11196
2882750:28438,21930,15022,12168,6364,15814,11244,11767,19615,83,18196,24608,12189,13765,20045,7997,17640,11612,16918,19339
8129250:26722,11052,12352,21632,24825,23207,12964,5962,5334,4571,7354
7892000:15138,19036,2655,17835,27033,1831,5738,239,7868,6098,4078,3720,24628,22,5372,23570,16406,28243,21865,3658
9592500:6731,10058,9671,21865,10176,23475,259,25488,11612,15114,8313,19523,3719,262,3723,29418,1831,19539,26744
8195000:28438,8676,4452,6731,25240,12394,27415,24628,5998,8024,14526,28425,28759
6619500:1577,2373,20045,3324,19615,23214,14796,27135,11176,28049,8662,20536,15814,19466,25323,28626,16406,6672,201,14942
3581250:22484,8676,25631,12394,15189,9671,11612,24726,23475,26464,259,25488,17214,3719,3627,24869,17297,24196,19539,27509
11737250:23338,8028,1831,25058,27168,24942,2610,27191,12216,5330,15315,25029,6092,10247,9165,16082,25488,24196
4658500:22547,23207,24977,22482,20338,19339,1415,2217,9250,2353,13471,6820,10680,19514,14145,9802,3046,4580,26429,24628
7322250:20045,10058,13274,10329,10176,8313,19523,262,22547,4499,12220,29418,26744,21071,16529,17061,5094,29364,3723,25323
11129250:8027,14806,15022,21995,1047,28438,29225,13483,11330,16670,23267,5810,5152,23423,18776,22999,2068,19596,6823,454
9215000:17640,10106,4078,12352,10014,23779,22393,53,18196,29095,10329,24486,25323,29084,27092,366,17119,29203,14625,14265
5143250:18227,6731,25488,16550,9250,24628,9671,11612,18075,4694,259,15114,13054,3719,21930,12394,24869,12220,3627,11330
9438000:26485,3553,6672,8662,14942,11176,8409,5863,4544,11196,17453,29445,23214,16406,22908,16110,26288,10058,25323,6918
5726500:6731,20045,18730,4499,24015,6672,5416,10810,23076,768,13135,16527,5310,2610,5285,18835,5896,28225,29231,11196
7060500:10194,16873
139000:26485,5627,13244,20826,25415,19660,28438,504,14575,2683,12453,6364,11767,3553,19615,83,15352,12168,11244,24608
4447000:19466,26288,1577,23214,20045,4544,27135,20207,2373,29445,17640,9486,1700,9671,4336,25323,11612,25086,27092,15390
8822250:2368,16373,27135,6731,22484,19466,12453,9111,5369,25631,6352,20536,2373,13274,25323,14661,9548,28653,14261,23214
1727500:11176,29547,10840,4949,21672,6203,7096,14318,28059,10726
8799750:23214,27135,28438,2373,8662,3324,4499,12168,15352,17640,11176,14942,1598,14806,26722,9671,14796,4618,27160,25323
9512750:16406,15022,28438,11176,23103,10840,23214,24608,18868,6918,13274,10058,9671,8689,16110,11612,1598,7323,12329,12977
9212500:29203
5239500:8662,23214,11176,16406,6731,12394,26722,28924,9671,27160,11612,4997,7323,25488,259,15114,23604,3047,29022,16110
1459750:11767,14914,7910,19422,8409,24486,23214,11176,26722,24519,6364,14796,5863,28924,19835,17640,12168,16406,13765,14294
3675000:16406,11196,20045,4499,3702,143,3285,14048,24015,18275,23878,9671,9131,11612,11624,7868,20047,23076,24194,11396
7002750:26485,23491,3553,22484,14942,16406,5369,23214,6672,14796,15814,20620,4544,4239,25631,1530,12943,22908,25212,27683
472000:16406,23214,7323,28924,18730,12977,8689,16110,14261,23604,15639,23538,29490,23774,21973,6114,11781
4257000:15022,14942,28438,23214,8662,17640,15352,20536,20045,24608,23103,9671,4336,25323,22908,6672,16406,18196,4499,259
8435250:5627,15874,20826,14806,14942,28438,15022,6731,23214,17640,18868,21995,17725,27458,16406,11244,16918,3702,12118,8138
83250:17640,10014,14294,24922,14020
7830250:20979,20045,25219,22908,25323,4499,143,24015,20803,12220,10329,13737,20297,6724,12394,22547,14498,15478,26308,21911
9394500:23214,19615,16406,6672,20045,14796,15814,14942,28924,7868,11176,4499,15138,26288,4618,11612,29445,16110,4544,28626
1688750:20045,28059,20297,4078,4499,23779,20803,16609,3755,24015,15138,251,2353,13737,13471,53,11052,23076,1147,7754
8314250:20045,143,15138,4499,22400,12168,3047,2683,13118,25352,14515,4040,3904,27791,9671,16406,11612,26585,239,24015
2676250:6672,8637,14942,11605,7868,12352,12220,22547,12394,22993,6652,614,15639,29203,3164,9363,29008,28266,13162
10818500:20826,16406,23214,21930,17725,5087,28924,15138,11612,1598,23604,6096,9671,12220,3285,10893,27415,259,23403,2669
8243500:16406,23214,11936,20045,3627,23604,28924,4499,143,7323,9671,11612,24015,16110,11687,259,18730,15114,25488,23076
3096750:26485,15022,3553,28438,16373,19036,22484,20536,15189,22552,24608,17760,14942,20045,22908,25631,20620,27033,16406,1530
8040000:5627,4834,28438,1047,13483,6731,23421,8240,20826,4626,12453,16011,16373,19036,8860,504,22727,10106,22552,25240
1114000:11176,29547,15138,5267,4939,4078,1530,16406,239,10840,21672,23779,23013,53,6203,5372,7096,23570,7868,29465
7494250:27117,29203
19500:8662,15022,16373,241,28438,11000,23214,28924,11196,24608,11060,16406,20045,26973,14796,25323,259,14806,25346,18868
2752000:8662,6731,20045,3324,22317,6672,14796,17725,16406,23214,4336,10058,14942,25323,9671,3285,29095,259,15114,3702
8248750:11263,4078,679,28641,14261,4949,11175,14294
6694750:8027,5627,20826,16373,1047,13483,6731,20045,27135,12453,28924,14661,819,14942,3324,24628,11679,21930,11244,22908
4392000:20826,16373,25415,28438,14661,15022,12453,12168,15814,21995,11767,3324,13483,241,13244,15352,19615,24608,4336,10058
5539250:26485,22484,3553,23214,8662,20045,16406,25631,11176,15189,3627,25323,17640,3285,9671,5086,11396,9131,17297,7323
10119250:26485,20826,3553,22484,28438,15022,25989,17020,11679,10106,23214,15189,15352,20620,14942,13971,10058,20045,25212,6672
9437500:16406,18275,23214,5863,25219,3702,25323,3285,10058,24194,7323,23604,9671,28924,26722,11612,9131,11052,8313,3723
11939000:15138,11176,27791,25323,9671,239,11612,29547,10840,1372,10329,5372,259,6203,23570,15114,14020,24196,20803,25372
1953250:15022,28438,16406,23214,6672,23103,14942,20207,15352,9486,24608,27458,20045,9671,29095,18730,27791,25086,25323,259
10229250:14942,20045,16406,6672,4499,15138,27791,12220,25323,7868,9671,10058,11612,24015,143,6652,28924,2669,5372,259
11141500:26485,5627,4834,16373,3553,504,28924,13483,25415,26314,14575,13244,25029,5883,2368,2217,1428,241,4626,19862
711500:8027,12189,7910,19422,18977,6796,26973,1084,12160,17760,23632,504,17242,9395,24012,23934,17123,6435,25579,12181
6301250:6672,26288,15138,10058,4544,21865,29445,8313,19523,25733,262,22664,5372,29418,23570,26744,15390,10176,4078,21071
764000:5330,7868
3288750:20045,24969,4499,9486,16406,239,12541,19796,19974,143,5372,23076,29008,17421,7868,23570,24015,2655,679,13162
9123500:4078,12352,22280,18002,6326,18024,29473,53,23779,29203,11196,23656,27092,23013,2846,7262,5050,1135,16140,23241
1724000:20045,16406,23214,15352,26288,6672,20207,9671,11612,14942,1700,28924,3324,1280,4499,3285,25323,5086,2683,11176
3742000:26288,8676,4544,29445,24628,11857,1831,27092,15390,6080,12352,12977,14526,16884,22664
10713250:2729,11175
4547500:8662,20826,16373,28438,15022,16406,11176,18196,23214,27791,24608,27160,4618,11612,3285,28924,4997,18868,6352,23103
6849750:20045,4499,14482,143,16406,11196,239,13975,14625,27791,23076,7963,28425,6820
82250:241,13244,16373,28438,21995,12168,15022,11767,19615,20207,15352,3324,12220,454,14942,4336,6672,25323,29445,10058
6258500:8676,25372,12220,14580,11176,5640,2257
6904000:27683,20045,15814,4499,6672,143,24015,11612,22126,11687,25488,7868,11670,259,15114,22680,23475,28626,5640,3719
2078000:23214,20045,8662,17725,3324,11176,28924,16406,14796,15352,4499,22317,9671,4336,4618,25323,3285,27160,20207,25086
4047000:8662,11176,16406,23214,27791,26288,29095,9671,3702,10058,18196,7323,27160,18730,28924,11612,29445,4997,25346,259
2132250:19615,8409,15814,18275,12168,16406,5863,20536,25989,22552,11196,27927,20620,25212,1530,3285,7868,11032,290,20803
10598500:6364,20045,11767,3324,23214,11176,14796,13765,17640,2249,2128,22908,9120,15352,10058,16406,9671,8662,11078,2353
9720000:25488,28653,10058,11612,10970,8689,21865,23475,259,15114,8313,19523,262
3781500:26485,3553,23214,20045,3324,16406,28924,4499,29095,6672,11176,4618,3285,25323,14942,11080,11196,23403,3702,5334
5899750:26485,23491,7910,19422,20826,3553,6364,9120,14914,22908,28438,11767,21930,6299,15022,13765,241,2353,1670,8409
8529750:2683,18002,6326,17429,19993,19113,3553,16624,17577,13020,20045,143,3324,29084,11563,27092,16126,20480,18196,23620
4620000:1666,1577,12453,504,13765,11244,11196,19615,11679,16406,14942,25323,20620,17453,6364,1530,6672,11032,14796,7168
9163000:14942,23214,16406,20045,6672,28924,12220,4499,7323,27791,8637,14806,24628,23604,23928,22547,143,21995,14902,12352
887750:241,8662,15022,28438,14796,11176,14942,24608,20045,23214,6672,28924,10788,13274,27160,26959,25323,24922,1700,12220
10619000:11767,15022,12168,23214,28438,16406,26722,23103,17640,10840,11176,20045,15352,20207,9671,24608,25323,11612,24519,4499
5256500:6672,8637,14942,12352,11196,22319,647,679,1008,1591,28189,155
2968250:26485,14942,3553,14796,23214,11176,8662,6672,17640,15352,16406,25323,18196,7868,20536,28924,27160,11612,4997,20207
10234000:21681,6731,15365,7868,4545,12431,13588,12164,4307,20902,12394,18990,19374,12352,19894,2254,14294,155,13830,25117
6874250:15022,7910,19422,16373,25352,14515,3904,11767,28438,14806,14914,23214,11176,14942,15352,8662,17640,16406,3285,6672
1724250:20045,143,5087,4499,24015,6672,23076
2975500:14942,1047,23214,20045,20595,2322,10038,8662,4499,15352,28924,29095,6672,17772,18202,9671,25323,15454,5696,15257
11613500:15022,28438,17640,6672,14942,14796,23103,15352,27458,22993,25323,9486,11080,25086,24608,20045,20207,143,8637,12964
6807250:23214,8662,8676,20045,11176,14942,28924,16406,6672,4499,24358,11244,16918,3324,13274,25323,27160,13975,9671,24628
5901250:6672,14942,20045,7868,4499,8637,7323,23214,143,24015,23604,11687,3590,12352,6652,23076,4949,12220,7754,16110
4421250:23491,7910,19422,20826,25415,21930,20536,28438,14914,15022,17020,11767,12189,7997,8662,10106,13765,1047,28049,6364
12388250:16406,23214,8676,20045,12220,28924,4499,9671,11612,16110,239,23604,7323,15639,24015,259,15114,22547,5372,23570
5959000:22727,16406,20207,20045,23214,5087,28924,4499,25086,9671,24628,11612,12220,143,14273,3627,15352,259,15114,23604
11121500:26288,20207,11000,20045,29445,25086,4544,11612,4499,15352,259,25329,15390,10106,3719,21715,143,23403,25733,22043
11947000:27415,11280,23604,14806,23207,21995,14902,24780,18946,29547,27509
5769750:10329,26754,22547,2669,25323,14020,1598,21672,23403,22393,14526,27508,29099,3074,14261
11158000:8662,4452,23214,20045,6672,29095,11176,16406,28924,14942,12964,9671,1700,4618,3285,18196,25323,4499,11196,15138
9694750:16406,23214,21681,16110,7323,23604,28924,2033,12055,12977,24628,15639,18730,239,4078,11790,3720
4059500:16406,23214,7323,28924,12977,18730,23604,19475,15639,24628,12964,5334,8689,7105,23774
10393750:2257,11196,16406,18275,3702,11624,20411,3285,4571,14048,11396,24194,23878,9131,15639,13853,14020,20047,3228
7163250:13483,20045,12168,8662,2683,14942,16406,6672,23214,14806,16603,11080,11628,13274,12220,28924,9671,11612,7323,6918
2988000:8409,17640,20045,4499,6672,17453,26722,24015,11687,5210,5845,27117,9242,23076,4949,15065,11946,1570,7754,22504
1338750:20207,29095,9486,25086,20045,3324,11196,4499,15352,2683,14796,16406,7868,9671,18730,3285,15138,24015,27791,11612
1622500:8027,15022,28438,23214,16406,27625,5087,27458,18868,22552,17725,23103,24608,9671,25323,7323,23604,24628,15322,12329
3892750:26485,20045,5883,25989,11679,24969,10106,17453,5369,25219,8662,20536,22552,11196,20620,3553,17640,25212,3324,1670
9802000:25488,9671,11612,8689,1392,21110,259,23475,15114,3719,24869,21092
8149250:14545,20826,27791,21865,628,5615,20955,5377,7086,707,6104,17582,19294,1479,4887,10760,2593,27448,2739,27912
8528750:2217,23491,8409,4834,20045,18196,4626,22908,8662,1530,25323,4499,23214,11612,26288,1670,1280,4997,16406,11176
7785250:11679,15022,19615,28438,12395,11196,15814,22317,7323,8860,26288,16406,23214,29445,25989,4544,24608,23103,20620,17640
10052000:12220,18075,10680,2655,6820,4694,22029,8240,6290
12065000:26485,5627,16606,8738,22727,15022,14712,22484,2217,3553,23492,28438,20536,12198,24831,22317,4834,4626,8662,16406
12142750:16406,23214,21681,16110,11176,25488,17725,27791,28924,23604,10680,9671,11612,7323,10893,259,15114,18730,8689,12220
8070000:14942,6672,20045,143,201,7868,15446,1700,3627,12352,4499,9671,8637,11612,4949,6652,29084,11176,22321,23409
2033500:8027,819,8676,14942,23214,20045,16406,14161,20207,13112,29304,11528,16527,4515,11748,8662,5285,5896,18835,28225
9973000:26485,3553,16624,20045,15478,26308,24541,1335,24831,24274,11391,18758,28418,11347,11127,10193,19111,20800,24591,20676
8346250:16406,15814,23214,19615,23779,7323,4078,15446,28463,28855,28924,12220,28626,23604,10058,1428,22736,5086,16110,13793
10774750:6731,20045,26288,23214,28924,15138,11196,9671,1700,11612,3285,4499,4544,15390,23403,259,23878,23604,23409,25733
6061250:10840,25323,14020,24358,22393,24081,6672,1598,24196,18075,20551,12352
4025000:26485,7910,19422,16373,1047,21930,28438,11936,17725,20826,3553,15022,25219,20045,241,11244,2373,28049,1577,8409
2480750:9111,28653,11176,16406,16110,11000,28924,23214,15138,26973,19974,10970,7323,22547,239,23604,25323,6820,22029,8240
7269250:26288,6672,16011,11983,4544,29445,12394,14942,12220,11080,7868,27092,14273,10970,15390,12352,28065,23409,22664,1700
3304500:1831
9015000:6672,18196,26288,15138,14942,7868,5267,4544,4939,15390,29445,12352,8637,24977,25346,27092,10169,26394,14818,29203
6900500:11196,23491,8154,25372,23656,15534,20979,15138,13431,21565,23143,12977,5185,16564,3228,18523,10970,13390,2655,12914
6754250:23214,6731,6672,26288,16406,14942,28924,13274,25323,4544,11612,1700,7868,15138,12352,6918,259,4078,15390,15114
10224750:22484,19615,25631,15814,17640,16406,15446,18275,11196,7868,3702,11624,15189,24726,3285,26464,10058,1280,22736,12394
3310750:8027,16406,819,23214,11936,20045,28924,4499,20207,2257,143,23604,25323,16110,9671,11612,24015,25380,9250,2683
11631250:504,13244,17606,8409,19615,22029,19431,10136,6326,5845,9242,29363,11176,6174,4003,5074,2257,19514,20516,23470
5110750:15022,8662,16373,28438,16406,6672,9111,14942,24608,10058,11612,10970,23214,6652,28924,18868,259,5372,15114,19523
8385000:9671,11612,25488,8689,2353,13471,5848,23475,259,15114,3719,3627,24869,1147,29099,4949,14261,679,12512,20127
10840750:16406,23214,20207,2683,9486,20045,28924,4499,15352,25086,143,6918,15639,23604,4078,2655,7323,29084,3627,23774
746000:22317,14942,16406,9111,6672,6364,20045,28924,23214,13765,12168,28653,1530,10970,7868,23604,6652,11612,4499,12216
599750:6918,16406,21490,26288,17640,12220,13274,10058,23214,9671,29445,3285,11612,23403,4544,3074,8313,259,7323,12394
1449250:5627,7910,19422,25415,19660,1047,4834,28438,15022,241,12453,16373,4626,13483,83,14914,7997,21995,21930,14575
4921000:20045,143,4499,9671,11612,6672,7868,23475,259,15114,3719,24869,25488,23076,21490,26722,3627
4716750:8689,12168,5863
5407750:12168,8676,2683,23214,28924,13483,14661,12453,16406,3324,25323,13274,27791,11612,259,17725,16603,24628,239,5372
8280500:2257,14294,11052,20045,4499,1530,21110,9671,11612,14273,20846,24015,15639,19217,23475,13471,259,15114,8689,5267
9103250:14914,7910,19422,8409,241,20045,16406,22484,14796,9111,16609,5863,22908,13087,6299,3755,2353,1670,10970,10058
3734250:25029,19862,20297,16406,6672,7323,11983,28924,14942,23214,8637,15446,28049,7868,23604,10840,6652,29547,12977,16110
9839750:23214,14942,11176,12168,6672,20045,26722,10840,17640,20207,25323,8637,3658,4499,16406,15352,6203,10908,23604,9486
11494250:20826,23491,22484,16373,1577,2368,10106,25219,6364,18977,20045,4336,1428,15189,4381,5574,1084,3324,2373,22425
11307500:16406,23214,28924,16110,9671,11612,12977,15639,7323,25488,8689,259,23538,15114,29490,23604,18730,21092,14261,7465
984500:1047,17640,11767,6364,20045,3324,12168,23214,13765,6672,14942,14796,16110,9671,16406,11196,3285,25323,23928,4499
5440750:16406,23214,24196,12977,27637,7560,22439,11858,11857,22032,11679,16668,14071,16110,18730,7323,23604,26722,28924,15639
8096750:15874,23214,16406,5087,28924,17725,7323,19113,16624,17577,23604,16110,5738,14273,18805,12977,15639,28243,21899,12329
10057000:374,29445,25989,26288,4544,12977,20620,25212,27117,11032,26722,27092,15390,1691,25733,3458,22664
8271000:20207,25086,19466,9486,2373,11080,23251,27135,15352,9671,11612,259,15114,3719,2683,23538,29490,21110,8689,27514
439000:11767,12168,15022,23103,28438,5334,25372,24608,7611,20338,2217,13971,25309,22319,24886,19835,25618,1008,24519,26959
8649250:16406,6731,25989,16110,23604,22484,15138,25631,15189,20620,1530,11612,25212,5267,23214,15446,21865,26288,12977,11032
6003750:16406,23214,12964,5962,5334,28924,15138,13971,23604,16110,239,7323,9671,15322,15639,6868,25526,5372,3406,1582
12234750:18075,23284,10058,21092,16564,8313,19523,4534,26426,5995,262,11175,11330,6565,414,20127,21091,18275,15934,24658
10799000:23491,8027,819,16373,4834,13483,28438,15022,6364,5087,5883,25989,15814,4626,11078,22087,8409,10106,20826,14161
2891500:7910,19422,17640,14942,14914,23214,1280,20207,16406,6652,19381,7364,24911,8148,18771,19179,8138,20952,8504,18879
6354500:23491,8409,8154,11196,6364,20297,13765,13431,12168,10136,1700,9242,1773,18805,15534,13891,911,10908,19431,12220
3295250:16606,8738,23491,4834,28438,7910,19422,16373,14712,23492,1776,22484,11000,2368,12198,4626,8409,14914,22029,6321
11894500:9111,28653,20045,18002,6326,17429,454,2353,13471,10970,1147,143,23878,24015,16406,18558,7868,4499,239,11391
11220500:22727,20045,20826,6672,22484,15446,4499,11000,290,5369,8409,11244,16918,14942,25989,25323,13274,20620,1530,25329
5697750:26485,7910,19422,1666,3553,22727,4544,14914,12453,2217,11078,16011,22246,29445,14661,9548,6672,25323,26288,9111
1934750:8662,23214,16406,26288,28924,22908,7323,9671,4544,11612,29445,5955,15390,28508,22184,259,15114,25733,20902,22664
3350250:20327,17772,24459,18202,14935,9242,6682
2322750:12168,19615,24194,3393,143,22029,25488,7680,25323,9120,9671,11612,3093,20297,21672,18624,259,15114,4078,5074
776750:20826,16406,5087,23214,28924,15138,9671,949,26754,5372,259,23570,7323,27456,15114,17725,29490,239,9765,17084
1767500:16406,23214,28924,28855,9671,11612,16110,259,23604,10970,15639,1008,7323
6571000:8676,20045,143,26722,24015,6672,7868,27509,23076
10588000:6326,17429,14294,6918,8278,19974,13274,10329,6352,11563,16126,20480,3324,18196,23620,1280,8662,4336,29084,19796
8160750:6672,14942,7868,8637,25989,4078,12352,20620,25212,6652,22280,11032,23779,25260,29099,15639,7090,20803,53,1691
6957500:26722,11052,28438,6820,8240,25240,24628,18075,14261
5642000:7910,20826,19422,1666,13483,5474,13585,23847,13975,17540,15153,26028,9465,21681,12453,20045,14914,13112,26973,26827
6247250:2683,2257,27683,201,19993,15446,16011,17725,27791,15639,11612,259,15114,11687,29381,19636,15322,22321,1428,28794
1459000:26485,14942,3553,6672,20045,25086,20207,10840,15352,4499,17760,4544,11176,22052,4366,9671,25323,11612,8637,2683
5465250:26485,23491,3553,11196,8154,11078,290,5369,13431,23143,1280,15534,12541,682,5185,11018,8662,10970,12977,7105
8215250:21995,19660,15022,28438,26314,241,16373,14796,12189,28049,16406,480,22484,19036,22552,20620,24608,4336,1530,25212
10885750:23491,241,2368,28438,8154,29497,1428,6364,8409,20826,8860,20045,614,12395,19197,13431,16406,24608,8676,11196
6852750:16406,23214,15138,22552,10058,7323,9671,28924,11612,21865,16110,15639,12329,239,19475,19523,259,262,15114,12977
8861500:13244,504,16406,25989,7323,23604,24977,5267,7620,16110,26288,23214,20620,15138,25212,20127,12977,21110,10014,11032
7116750:20207,16406,23214,20045,28924,11176,18196,4499,15352,25086,15138,9671,11612,25346,3627,2683,10106,6203,27791,259
10539250:10329,12352,22393,2729,25323,10404,2610,21672,1831,13554,25029,24196,9165,20297
8628250:4452,6731,16011,15138,23284,24977,239,16406,25117,5372,23570,911,5779,3720
2316250:29095,20045,11000,3324,4499,23214,14796,28924,16406,18196,4336,4544,25323,25346,29445,15138,6602,23076,11612,24070
2428500:12220,3740,10680,24977,25117
11711250:23338,25260,25488,7990,12216,6092,10247
2807500:6731,14575,10680,23284,21092,22482,5640,14470
11527500:8662,15022,16373,28438,6731,14942,14796,15814,19615,25219,16406,6672,11176,24608,10970,9111,20536,20045,20620,22908
10312750:8027,23214,20045,14942,16406,28924,20207,819,12220,25323,15138,3285,18575,24792,11196,17437,9671,1598,23403,4499
11984750:8027,7910,20826,19422,819,13483,628,5615,7086,707,20045,5087,22893,9291,6820,12400,11244,15728,27968,28785
9842500:8027,14942,819,20045,20207,6672,1598,25323,9671,3627,12220,10840,4750,5458,5639,16008,11476,14727,23612,24015
11503250:10194,16873,5640
4215750:8027,26485,5627,4834,16373,1047,3553,6731,12453,22727,4626,16011,21995,8860,12189,7997,19036,2368,819,20826
11683250:20045,14796,26288,15138,4499,10058,9671,11612,25323,12220,4544,8313,29445,259,19523,262,15114,22547,5372,29418
6067750:1047,22484,20045,12453,17020,6364,2249,83,8860,10106,21930,15352,14153,259,8662,11244,23214,11176,16110,27160
5994250:29099,3723,2683
7184500:5334,22489,21632,24825,9651,2176,11225,743,12762,17450,23214,20045,16406,3324,12133,20850,17167,13134,16454,28924
9651250:7910,19422,20826,14942,20045,11767,14914,12168,2128,13765,27160,2249,23214,11176,6364,17640,25323,20207,18196,3285
236000:26288,2655,4544,4078,15390,7868,3720,5372,27092,239,25372,23570
8848250:241,15022,23214,28438,14661,12453,14942,574,16406,27458,290,5369,6672,20045,24608,22908,28924,13274,259,9671
2688750:15022,16373,1047,28438,27135,8662,15814,15352,11679,19615,20045,11244,24608,3324,2373,10058,4336,11196,16110,23214
8033500:2655,4694,11578
7893250:11176,14796,8662,23214,7323,28924,16406,10840,20648,16110,7868,14020,26722,27160,25323,22547,4997,23604,12220,23774
10979500:26485,14647,1666,19660,3553,1428,2217,16373,13244,19862,8409,15874,19036,504,17760,20045,25029,23584,25989,22052
8017000:26485,17606,3553,17760,22052,4366,2655,1530,29363,9671,6672,15138,11612,2669,6199,19431,16406,4003,259,4544
1047000:16406,4939,12220,11196,24977,5267,3702,11624,8278,22547,6918,13274,3285,20803,14048,11396,12394,24385,2655,18275
4625750:19615,23214,15138,15814,16110,24601,4544,25488,28924,29445,17725,15390,11612,14535,4970,1598,28626,23604,7323,22736
7703750:8662,20045,23214,14796,17725,4499,16406,14482,10058,13274,29095,7323,25323,28924,16110,9671,4728,239,14625,5334
12204750:23491,11196,8154,22484,16406,9111,12329,22087,11176,17640,20803,13431,20620,10970,3285,25212,259,15189,23604,11032
6571750:7910,19422,16373,12168,13483,28438,15022,20826,11679,2373,11767,3324,8662,11196,22317,14914,16406,16603,15352,2683
4533750:19962,15911
10069500:7910,15022,19422,16373,1047,28438,12168,13483,11767,11679,15814,3324,19615,8860,15352,22317,2683,23214,14914,17640
11111500:12220,22547,12394,27508,24385,14261,16550,18251,1642
7797000:28425
3149000:26754,1428,22993,5267,1598,6599
5012750:8662,23214,16406,11000,11176,28924,25329,7323,23604,3702,25323,26722,11612,19166,24070,24628,27160,18275,259,3285
9035750:8662,20045,16406,15814,23214,18196,19615,28924,26288,6672,11176,4544,14942,4336,29445,27160,11612,12943,12541,9120
10927500:19615,17640,23857,8278,7868,27625,6918,13274,24541,2945,2729,11280,18868,29203,21392,637,29084,19962,10404,27927
4922750:16406,23214,20536,6731,28924,7323,26728,12977,16110,27791,27068,23604,23774,4078,2655,17483,251,239,18730,6114
1528500:22484,16406,25631,16110,15446,23604,23214,15189,24726,10058,9671,11612,26464,25488,25323,21865,7323,10176,17297,12394
5742000:14526
2557000:7910,19422,21930,20045,20826,11767,15352,11244,12189,22484,15189,14914,11176,9671,10058,23214,27160,11196,4618,5574
2006000:26485,4834,28438,504,23491,17020,21995,8154,4626,22029,3553,2249,22484,25631,19036,16373,15189,11176,27618,11196
5751500:8662,15022,28438,3324,4499,6672,14942,16406,24608,10058,20045,13274,5086,23103,9671,11612,10176,6652,25323,8637
203750:26485,1666,23491,3553,20045,8409,14942,19036,25219,504,17760,22052,12453,27033,20620,1530,15874,3285,25212,8662
8072250:23491,23214,15138,24628,1530,23604,7323,8154,28924,23403,24471
6523250:26485,241,14796,3553,22484,25631,20648,23214,4078,15138,10788,15189,22908,24726,4618,1530,8816,13087,7868,16110
11794250:11176,22484,8662,4544,26288,20045,9111,26722,29547,4499,6672,15446,23779,23857,15390,15189,25631,29445,10970,27117
6848750:14294,6868,1972,3273,21110,15874,10014,10157,5640
3257000:28438,23214,20045,14942,25240,4452,17640,15352,14796,6672,1598,201,24358,9671,4499,29095,25323,28924,16406,259
6257000:26485,8409,3553,16406,20045,27683,5863,4499,14261,16110,15446,23604,4544,10970,9111,29445,12168,1428,23214,1530
11283500:26485,20045,6364,3553,8409,17606,4239,2128,13765,21593,16406,2353,9120,5998,14273,1147,25991,17880,11078,8805
3075000:16110,1047,20045,11396,21815,4499,17640,17453,19814,21110,11078,3627,1670,28435,12688,22393,14294,24922,27514,11176
10642000:8027,1047,23214,20045,20207,16406,16011,26288,6672,819,28924,14942,9671,9250,3285,18013,143,6918,2683,259
2476250:11196,10329,16406,12352,18275,14020,3702,11624,25323,3285,11396,24194,21672,9131,16500,4571,20411,24196,20047,18075
4004500:15022,16373,22484,28438,16406,25631,3324,27458,20207,24608,15189,23214,25323,15352,6352,10058,26464,11080,5086,9131
10309250:2368,4452,14242,26288,6672,16550,20536,11196,16406,25323,9671,3285,13274,11612,1700,29445,15138,12220,4544,7868
8573000:8662,16406,3324,26288,20207,9486,11176,12394,15352,5334,3285,9671,29445,4544,27160,11196,23878,25086,5372,24628
1641000:22484,21930,25631,12394,15446,15189,9671,11612,24726,26464,25488,23475,17214,259,3719,3627,24869,7868,13070,17297
5655250:13483,20826,1047,3393,19036,20045,12453,27033,24969,8860,5738,15874,6098,7997,13087,83,17725,21930,19294,10760
9513250:25415,12168,16406,2683,15022,23103,28438,201,23214,7323,13483,5087,17725,28924,614,5330,26404,12977,24608,11176
6250250:504,20045,5883,25989,17725,11060,25219,20536,6326,26288,20620,10058,9111,10014,25212,11032,10970,29445,11176,4499
4902250:16406,23214,12977,16110,7323,23604,28924,26722,8689,17118,11578,10176,22330,13682,15639,11052,14261,3228,22489,15730
9906500:8027,819,17640,20045,20207,23214,16406,8662,12964,5334,11176,25323,22029,9671,8240,1598,11612,23604,27791,239
7699500:20826,16373,1047,28438,15022,6731,241,14661,12453,3324,12168,13483,20045,24608,8662,11176,201,25323,17725,15352
8940500:20826,15022,28438,4728,8690,23214,5134,2960,16097,17725,8662,454,15352,26698,14942,13883,6655,14860,24405,17309
12331000:12352,12329,18024,29473
11747250:20045,3324,17725,16406,4499,10058,6672,11176,9671,23214,29095,25323,14796,3285,26288,9486,22029,8240,15138,28924
2168250:16406,12964,5962,5334,7611,27791,13971,10151,23214,21681,16110,20338,19339,2217,7354,23604,28924,25488,12977,15639
4814750:5627,13244,20826,25415,1666,6364,20045,2368,21995,19615,22029,15352,13765,11679,10058,25323,22908,11244,7168,27151
12154500:8027,5334,20826,20338,19339,2217,1047,21632,24825,14796,9651,2176,24180,17450,11936,13483,20045,14952,27117,12003
5155750:2368,16373,20045,4499,16406,6672,23214,3324,6480,25323,10058,14942,3285,6652,15138,12220,9275,10176,259,5372
1629250:2655,22547,14261,4078,16406,9250,2367,239,3720,28425,27508,7997
6299000:15022,28438,8662,22484,2373,11767,3324,15446,19615,15352,12168,15189,11244,20045,11176,24608,27160,28049,83,25323
2823250:241,11176,16406,23214,12220,25989,16110,10788,28924,10840,12977,20803,20620,4949,14020,25212,11032,7323,24922,25488
8617500:20207,16406,23214,11176,12394,9671,11612,23604,9486,15352,8689,2683,28924,259,15114,27160,1280,26722,22547,3627
12004000:18075
11687000:20207,12160,25086,20045,143,4499,2683,3627,7070,11679,14406,24015,9486,16540,23076,264,29008,4949,3555,7754
7886000:6672,7868,8637,14942,12352,8024,9486,6652,15138,4949,11176,13592,13097,11790,15639,25260,7552,14535,3164,29008
10578000:6918,8278,16110,13274,15138,11080,9548,2655,239,14261,29084,12747,4078
11300000:19615,16406,20045,11000,15814,23214,14942,6672,17640,4499,7868,143,26288,7323,4544,28924,25329,13274,11612,29445
7383000:26485,15022,1666,23491,3553,28438,2217,22727,13244,878,25415,21995,574,16373,19036,22552,2368,25029,8028,17020
2076000:25415,26404,20045,23251,143,24081,20449,6672,4499,23076
11612500:6731,22482,23779,4078,53,25117,9250,22280,13975,23284,11328,28425,27092
5999000:241,16110,14914,7910,19422,1047,22484,25631,10788,15446,28370,15189,12220,1530,21815,4078,26464,12394,5185,23013
8745250:24358
9946250:504,25989,11176,6364,9111,12168,5267,28653,10970,13765,4939,20620,11612,25212,17640,7868,6203,11032,24977,14482
9278500:26485,23491,2257,3553,4544,20045,11196,26288,18196,4499,8154,13431,29445,4078,27205,25346,23779,11687,53,6672
3787750:11176,29547,10840,4949,21672,6203
11772000:11080,20045,23251,14580,143,6672,7868,4499,26722,11687
7657250:2655,15138,23656,21565,9120,239,13390,4078,5372,16564,23570,19891,20803,7868,12914,16406,27791,471,17084,9563
4963500:16406,25989,25219,4694,20620,25212,23604,7323,11032,12977,23214,251,10058,12394,16110,1691,15639,18730,6724,15138
4880250:11052,4078,11263,11612,22280,23779,25488,23475,259,53,15114,3627,27092,19539
3954500:26722,11052
1118250:16406,23214,28924,16110,7323,9671,12977,11612,15639,8689,18730,23538,259,14261,29490,23604,15114,25488,6114,11781
1365000:7910,25415,19422,23214,19615,29445,14914,15814,3324,15019,4544,15352,15390,20207,17640,25086,4618,11612,3627,7868
11646500:6918,2249,12394,22547,16406,239,24385,15138,27508,647,5372,23570,20803,13274,18251,1642,17084,4691,14794
5467250:20045,143,4694,22029,8240,4499,6672,17453,27117,26722,24015,1670,11687,7868,4913,14227,12790,12754,23076,4949
7918750:20826,28438,15022,20207,3324,15352,9486,6672,20045,24608,25086,25323,9671,4336,4618,11612,3285,14942,16406,15138
7450000:26485,23491,20826,16373,3553,28438,15022,1047,25415,12453,241,11244,20045,28049,24608,27135,4336,10058,3324,11767
252500:19615,15814,11176,28065,13274,1700,15138,14182,28626,25323,22736,6918,5372,23570,29084,17084,4078,23409,17400,11201
12173500:20207,25086,2683,9486,9671,993,11612,15352,259,15114,3719,24869,21092,29099,19539
4133750:7620,23779,10680,13975,2353,13471,4078,21201,53,1147,23284,22499,14159,29465,22280,21632,11330,11175,27092,26698
11078500:26485,20826,3553,20045,8662,12453,16406,25219,11176,13765,17725,15352,10970,6364,28049,20536,22908,23214,3285,10058
6412250:23338,25488,10329,22393,25323,14020,14482,22314,12352,26665,25260,3458,7990,28621,1831,3719,6092,10247,20253,10810
1758250:23214,16406,6672,20045,14796,3324,14942,7868,14887,4499,28924,143,28855,9671,11612,24015,15138,6652,7323,259
3010000:26485,14647,1666,19660,3553,504,8409,17020,13244,1428,2217,22087,19862,20045,19036,12160,17760,8028,15874,23584
3312500:23491,22547,23338,12220,14261,25260,24385,27508,2963,25488,7990,12216,6092,10247,16550,18251,10616,1642,4676
10185000:26485,21995,18196,3553,15022,28438,11767,22029,11679,10106,27135,24608,12168,23214,15352,19466,26288,8662,25323,574
8324500:11679,11196,26288,20045,4499,13274,9671,3324,11612,11060,25323,4544,259,29445,15114,15390,29084,29490,143,25733
380000:26485,16406,22317,3553,25989,23214,16110,7323,23604,22908,10058,18805,20620,12943,25212,53,11612,23779,11032,12977
8216750:16406,23214,4499,4544,10058,9671,29445,143,11612,23403,28924,23604,21490,8313,259,19523,262,3074,16110,7323
10261750:24628,16406,29381,19636,6731,20045,26288,15138,10058,13274,4499,9671,11612,4544,6918,28924,29084,29445,19523,262
6458500:26485,13483,7910,23491,2217,19422,819,1047,241,3553,8027,20045,22727,878,1666,22087,16011,1577,19036,25323
12239250:9671,11612,8689,21110,259,5955
11362000:20045,143,4499,8028,24942,27168,25058,24015,6672,12964,27198,5962,5334,22319,6617,4949,26722,23076
2788750:5627,16373,1047,27135,1666,13483,20826,20045,28924,12453,16011,8662,2373,16406,2683,11244,12168,201,14661,21930
6848000:26485,3553,20045,16406,4499,290,5369,9111,11000,10970,29095,22908,4618,1530,14796,11060,23214,15138,28924,8313
12015250:5627,23491,1047,16373,20826,4834,21930,25415,28438,4626,241,16011,83,13244,19615,17453,504,13431,13765,11244
10816000:2128,12220,19993,10106,9120,1530,24601,12352,11176,4220,11679,16550,9340,19891,13888,29095,4452,4648,13844,18024
7445000:26485,23491,7910,19422,3553,20045,14914,16406,8662,25219,8154,24194,20536,27160,11176,25323,6299,2128,13274,6482
6780500:22484,14796,16373,1047,14942,19466,27135,23214,6672,8662,2373,8860,18196,16110,15352,7868,17640,15189,25631,25086
11957000:27791,16406,12220,23214,28924,16110,9671,11612,23604,7323,25488,15639,11857,259,24628,18730,15114
9199500:26288,6918,16406,8278,3702,13274,15138,11196,20411,3285,29445,4544,11396,15390,23878,2655,25733,16500,11624,22664
4680000:504,20045,13244,2249,2128,11176,23338,22908,25323,6299,6326,14273,1670,4499,2353,13471,6203,5074,12216,14294
39750:7868,1428,22993,15446,14482,22321,12220,21110,6599,6880,24471,22420,25177,10840,4919
5238000:15022,16373,28438,23214,8662,17725,3324,17640,18196,11176,15352,14942,6672,14796,24608,7868,29095,25323,20207,27160
10654750:25989,9111,23284,20620,25212,10970,10058,11032,21865,20803,1691,4544,8313,19523,262
11167500:4618,5334
1906000:16406,23214,12977,16110,7323,6820,23604,4694,22029,8240,28924,18730,7354,24628,11330,10680,15639,14261,6148,17431
11734000:20045,143,4499,6672,26722,24015,11687,23076
9782500:8662,16373,19615,15814,23214,12316,16406,6672,17725,3324,7465,14942,20536,13274,29095,3285,25323,10058,1700,28626
11535500:26485,16606,8738,14712,1047,2217,23492,1666,28438,25631,6364,3553,2368,878,20826,10106,6321,22484,15874,9906
6713250:8676,20045,15138,11080,12220,9671,11612,239,16808,22864,12329,25323,5464,259,15114,5372,4499,23570,24869,22547
5292000:26288,6672,29445,7868,20045,14942,4544,4499,17060,143,11196,12352,25372,9671,11612,259,8637,15114,2826,27092
6872750:23214,20207,16406,15352,15138,4544,9486,15390,29445,9671,1530,11612,2683,26288,23604,28924,259,27092,993,25086
7715000:4452,20045,143,4499,6672,26722,11687,12964,5334,23076
745750:8662,20045,14942,15814,14796,6672,11176,4499,16406,28924,22317,7868,25323,13274,27160,15138,11612,12055,4544,4997
154500:8027,8676,23214,11936,24628,20045,16406,17118,11578,10176,13682,27092,1598,28924,4499,27791,819,143,25329,14273
12016750:22484,25631,19615,15814,12394,15446,15189,29547,24726,26464,10058,11612,25488,17297,24196,21865,10176,6550,22736,23475
10609250:3723,10058,21865,10176,8313,19523,262,21092
6205000:21092,8689
7976750:2368,16406,8676,11196,3702,3285,14048,12394,18275,11396,4078,11624,23878,5369,9131,14780,16500
8757750:20207,25086,2683,8689,3627,21110,993,15352,21796
7286500:12168,13779,574,26288,25770,9471,4544,22523,29445,4618,15390,22314,15761,15874,5863,15138,29547,5334,23570,8689
10095000:16373,15022,28438,15814,3324,8662,19615,4499,23214,11244,22484,11176,15189,16406,24608,20826,20045,27160,22317,10058
11936000:16406,12977,16110,7323,18730,23604,8689,15639
2364500:20207,19615,1428,15814,11396,25086,2683,22993,9486,7868,16406,15138,21110,28626,15352,2655,22736,11670,13793,4078
10715500:26485,7910,23491,819,1666,19660,374,8027,19422,29497,22727,16011,20045,25219,22908,13765,8409,504,3553,25323
448250:19466,27135,2373,14482,4571,10329,8719,25488,18741,7868,17337,8689,17512,13270,24151,21110,7997,23628,24969,18730
8111500:15022,8662,11767,28438,17725,11176,23214,12168,23103,15019,15352,9486,14796,24608,16406,14942,20045,1700,3285,20207
11625250:16406,20045,9111,11612,17453,4499,259,14294,22908,2249,28653,10058,15639,7323,23604,16754,24015,1670,11396,547
8163500:5627,25415,20826,1047,14796,2960,26742,2942,259,12168,5836,28924,4239,26404,27456,1280,11628,5087,2655,24628
3001000:26485,5627,25415,20826,16373,1047,3553,21930,28438,13244,83,15446,15352,19615,11244,13765,15022,28049,6364,17150
12015000:19974,22993,5185,10970
11558000:1831,14261,23779,24628
969750:14914,7910,9111,19422,16406,4544,29445,16110,23214,23604,28924,26288,11196,23338,15390,10970,12977,7323,15639,28653
8949750:18491,22547,11176,14261,23338,10840,29547,12220,24385,27508,6203,14318,18251,1642,14533,28059,10726,25424,11080,24001
10966250:22484,20045,3324,6672,290,5369,4499,29095,15189,26754,9671,10058,14942,25323,4336,13274,14796,17297,259,15138
7588000:15022,14942,28438,8662,22317,9486,6672,23214,17725,6118,8187,20621,20188,6029,8081,11807,15138,24608,22908,4499
8508750:26485,8027,7910,19422,819,374,19660,1666,22727,3553,16011,25219,13765,20045,11244,11000,14914,16406,504,25323
10592750:15022,2368,23214,28438,6731,18868,15814,16406,3324,28924,22317,4499,19615,6672,20045,24608,13274,14942,23103,28626
4256000:11000,25329,7096,10058,21865,19166,24070,8313,19523,262,21715,22043
5962750:16406,23214,6364,26288,7323,17640,14294,17453,13765,21110,4544,29445,7868,27092,1670,28924,12168,11052,23604,22664
371250:6820,8240,12220,20338,19339,4694,2217,7354,28230,335,20444,13325,23134,16184,10343,10680,1415,12731,3886,23338
4454500:25488,9671,11612,21110,23475,259,15114,21092
10696000:16406,12977,16110,18730,7323,23604,28924,8689,1415,12220,20338,19339,4694,2217,20388,1507,1917,27895,7354,28230
7345250:22317,6672,26288,14153,290,5369,25770,9471,14942,20536,12168,9671,11612,7868,15874,682,11080,13779,26728,259
10492250:28438,1047,4834,13483,20826,1577,4626,12453,16011,8860,83,25240,2249,1428,21930,11244,10106,14575,614,25219
2187500:16406,23214,12977,16110,18730,7323,23604,28924,8689,15639,14261,3228,23774,6114,11781,11176,7105,934,6571,4949
3288250:15022,12168,11767,28438,23214,8662,2368,3324,28924,15352,17725,20045,201,24608,26722,16406,25323,9671,1700,14942
2940000:25415,20826,25618,2605,7692,7955,11604,29531,24805,5324,12078,1917,14863,13853,9472,5221,15089,6609,23531,6331
3410000:26485,22484,3553,25631,11052,6364,3627,17020,4078,17453,13765,21372,12168,10058,9120,21110,23779,11465,2249,1670
8216500:8027,5627,16406,21681,25631,22484,5087,17725,15446,819,23214,1598,16110,15189,9671,10058,24726,23604,7323,24628
7476250:15022,12168,16373,11767,28438,3324,23214,19835,16406,26722,18196,7868,6672,24486,3702,24608,20045,11176,25323,15138
6155250:12220,11679,18689,7552,5613,14930
9394250:13975,21201,13238,23214,12705,28008,29022,16406,6731,20045,4728,18946,13971,13799,28924,26288,6672,4499,14942,13736
4631250:12395,2368,11196,16406,26288,3285,20620,12394,29445,25212,3702,11624,15138,11032,23403,5372,14780,23570,3074,5443
3799500:16373,25488,6352,11612,8689,21110,23475,259,15114,3719,3627,9671,24869,21092
5293250:24358,21995,11080,24780,18575,24792,18024,9894,23793,3627,17437
1086750:12964,5334,11767,22489,20338,19339,21632,23770,22879,7820,25565,24825,13971,25309,15022,12168,9651,2176,6434,12762
5261000:16406,23103,28438,4499,27458,24628,2257,20045,24015,143,24608,11687,11624,24081,23076,3285,7754
9352750:24385,22547,83,23928,11793,12220,27508,8816,5185,7400,25323,10329,10970,23781,16550,5799,18251,28370,7868,12352
4886500:7910,19422,22484,20045,8662,12168,11176,16406,14914,26288,4499,29445,9111,29095,28049,10970,4336,13274,25631,15446
7003500:241,23491,8662,1047,14796,28149,22317,6672,10970,4336,17640,9111,16110,10058,23214,26288,27160,12220,14942,11682
4501000:26485,25029,3553,19862,15138,21672
5052000:2128,17640,14294,24922,12964,14020,5962,5334,16550,10014,366,4220
3511000:16406,5613,14930,23214,28045,24788,17013,7113,22279,23826,15341,23115,1913,11175,16110,28924,17760,22052,4366,7323
9173750:15022,241,8662,28438,27513,569,1260,15309,15063,28458,19618,9834,11563,23620,23740,16411,15946,3324,24608,27019
3861500:20826,11767,28438,12168,20979,7323,15022,26722,23103,201,10840,24608,25323,4336,20045,24519,23538,16406,10908,13274
1838750:23491,4834,15022,28438,18868,22484,4626,23214,11196,14942,24608,15189,27618,25323,504,16406,1530,23103,12220,7323
11440500:17640,23214,7868,16406,16110,23604,15138,9671,239,25488,11612,7323,28924,2655,12977,15639,5372,259,23570,15114
4118250:23928,22280,13592,4618,8816,5334,11793,1222,6602,3457,8719
7787500:11176,23628,9838,29547,10840,16406,259,17453,4949,14261,24977,1670,21110,21672,6467,6203,7286,14318,22393
8051750:8662,26288,3702,6918,13274,22908,3285,16406,25323,11196,11396,29445,15390,11624,14482,16500,25733,11330,8278,28425
11313000:8676,29203,27019,14119,2826,17087,1182,554,3740,3458,19993,27509,11563,16126,20480,21796,3324,23620,22400,7096
